domred_marginals := [
[0.8926800000000001,0.10732,],
[0.8054300000000001,0.09728500000000001,0.09728500000000001,],
[0.70851,0.09716333333333332,0.09716333333333332,0.09716333333333332,],
[0.6496000000000001,0.0876,0.0876,0.0876,0.0876,],
[0.5939500000000001,0.08121,0.08121,0.08121,0.08121,0.08121,],
[0.9209400000000001,0.07906000000000002,],
[0.8475400000000002,0.07623000000000002,0.07623000000000002,],
[0.7784300000000001,0.07385666666666667,0.07385666666666667,0.07385666666666667,],
[0.71421,0.07144750000000002,0.07144750000000002,0.07144750000000002,0.07144750000000002,],
[0.6733600000000001,0.06532800000000001,0.06532800000000001,0.06532800000000001,0.06532800000000001,0.06532800000000001,],
[0.8942200000000001,0.10578,],
[0.7878000000000001,0.1061,0.1061,],
[0.7025,0.09916666666666668,0.09916666666666668,0.09916666666666668,],
[0.63437,0.09140750000000002,0.09140750000000002,0.09140750000000002,0.09140750000000002,],
[0.5726700000000001,0.08546599999999999,0.08546599999999999,0.08546599999999999,0.08546599999999999,0.08546599999999999,],
[0.8831800000000001,0.11682,],
[0.7922100000000001,0.103895,0.103895,],
[0.70016,0.09994666666666667,0.09994666666666667,0.09994666666666667,],
[0.6414700000000001,0.08963250000000002,0.08963250000000002,0.08963250000000002,0.08963250000000002,],
[0.57647,0.08470599999999999,0.08470599999999999,0.08470599999999999,0.08470599999999999,0.08470599999999999,],
[0.91993,0.08007000000000002,],
[0.84345,0.07827500000000001,0.07827500000000001,],
[0.78035,0.07321666666666667,0.07321666666666667,0.07321666666666667,],
[0.7239000000000001,0.06902500000000002,0.06902500000000002,0.06902500000000002,0.06902500000000002,],
[0.66953,0.066094,0.066094,0.066094,0.066094,0.066094,],
[0.9219100000000001,0.07809000000000001,],
[0.8501200000000002,0.07494000000000002,0.07494000000000002,],
[0.7871000000000001,0.07096666666666666,0.07096666666666666,0.07096666666666666,],
[0.7270700000000001,0.06823250000000002,0.06823250000000002,0.06823250000000002,0.06823250000000002,],
[0.68044,0.06391200000000001,0.06391200000000001,0.06391200000000001,0.06391200000000001,0.06391200000000001,],
[0.9248200000000001,0.07518000000000001,],
[0.84928,0.07536000000000001,0.07536000000000001,],
[0.7886900000000001,0.07043666666666666,0.07043666666666666,0.07043666666666666,],
[0.7247300000000001,0.06881750000000002,0.06881750000000002,0.06881750000000002,0.06881750000000002,],
[0.67583,0.064834,0.064834,0.064834,0.064834,0.064834,],
[0.9233800000000001,0.07662000000000002,],
[0.8521300000000001,0.07393500000000001,0.07393500000000001,],
[0.79264,0.06912,0.06912,0.06912,],
[0.7353300000000002,0.06616750000000002,0.06616750000000002,0.06616750000000002,0.06616750000000002,],
[0.6788400000000001,0.064232,0.064232,0.064232,0.064232,0.064232,],
[0.8934200000000001,0.10658,],
[0.8051600000000001,0.09742000000000001,0.09742000000000001,],
[0.7154700000000001,0.09484333333333332,0.09484333333333332,0.09484333333333332,],
[0.6400000000000001,0.09000000000000001,0.09000000000000001,0.09000000000000001,0.09000000000000001,],
[0.59489,0.081022,0.081022,0.081022,0.081022,0.081022,],
[0.9276200000000001,0.07238000000000001,],
[0.86161,0.06919500000000002,0.06919500000000002,],
[0.79432,0.06856,0.06856,0.06856,],
[0.74215,0.06446250000000002,0.06446250000000002,0.06446250000000002,0.06446250000000002,],
[0.70053,0.059894,0.059894,0.059894,0.059894,0.059894,],
[0.5000000000000001,0.5000000000000001,],
[0.4957600000000001,0.50424,],
[0.5251300000000001,0.47487,],
[0.5262200000000001,0.47378,],
[0.5193400000000001,0.48066,],
[0.5075900000000001,0.4924100000000001,],
[0.5000000000000001,0.5000000000000001,],
[0.5276300000000002,0.47237,],
[0.5286000000000002,0.4714,],
[0.5205800000000002,0.47942,],
[0.5224800000000002,0.4775200000000001,],
[0.5152200000000001,0.48478,],
[0.5000000000000001,0.5000000000000001,],
[0.5442600000000001,0.45574,],
[0.5196000000000001,0.4804,],
[0.51434,0.48566,],
[0.5184700000000001,0.4815300000000001,],
[0.5317600000000001,0.46824,],
[0.5000000000000001,0.5000000000000001,],
[0.5377700000000001,0.4622300000000001,],
[0.5177600000000001,0.48224,],
[0.5283000000000002,0.4717,],
[0.5404600000000002,0.4595400000000001,],
[0.53491,0.4650900000000001,],
[0.5000000000000001,0.5000000000000001,],
[0.5000000000000001,0.5000000000000001,],
[0.48838,0.5116200000000001,],
[0.4966,0.5034000000000001,],
[0.5025000000000001,0.4975000000000001,],
[0.5018100000000001,0.4981900000000001,],
[0.48965,0.5103500000000001,],
[0.5000000000000001,0.5000000000000001,],
[0.48733,0.5126700000000001,],
[0.50939,0.49061,],
[0.51137,0.4886300000000001,],
[0.5002200000000001,0.4997800000000001,],
[0.50124,0.49876,],
[0.5000000000000001,0.5000000000000001,],
[0.5188800000000001,0.48112,],
[0.5127200000000001,0.48728,],
[0.4976900000000001,0.5023100000000001,],
[0.49652,0.50348,],
[0.48606,0.5139400000000001,],
[0.5000000000000001,0.5000000000000001,],
[0.50631,0.4936900000000001,],
[0.4930700000000001,0.5069300000000001,],
[0.5079100000000001,0.4920900000000001,],
[0.51192,0.4880800000000001,],
[0.5127200000000001,0.48728,],
[0.5000000000000001,0.5000000000000001,],
[0.5000000000000001,0.5000000000000001,],
[0.5035000000000001,0.4965000000000001,],
[0.4957100000000001,0.50429,],
[0.4997000000000001,0.5003000000000001,],
[0.49904,0.5009600000000001,],
[0.4970500000000001,0.5029500000000001,],
[0.5000000000000001,0.5000000000000001,],
[0.5108800000000001,0.4891200000000001,],
[0.5176200000000002,0.48238,],
[0.5100500000000001,0.4899500000000001,],
[0.5050200000000001,0.4949800000000001,],
[0.5149800000000001,0.48502,],
[0.5000000000000001,0.5000000000000001,],
[0.5195900000000001,0.4804100000000001,],
[0.5217000000000001,0.4783,],
[0.4982800000000001,0.5017200000000001,],
[0.5132100000000001,0.4867900000000001,],
[0.5190000000000001,0.481,],
[0.5000000000000001,0.5000000000000001,],
[0.5258400000000001,0.47416,],
[0.5053800000000001,0.4946200000000001,],
[0.50619,0.49381,],
[0.5224400000000002,0.47756,],
[0.5362000000000001,0.4638,],
[0.5000000000000001,0.5000000000000001,],
[0.5000000000000001,0.5000000000000001,],
[0.4955600000000001,0.5044400000000001,],
[0.50827,0.4917300000000001,],
[0.5131200000000001,0.48688,],
[0.5207700000000001,0.47923,],
[0.50985,0.49015,],
[0.5000000000000001,0.5000000000000001,],
[0.5148200000000002,0.4851800000000001,],
[0.52139,0.47861,],
[0.52841,0.47159,],
[0.5126600000000001,0.4873400000000001,],
[0.5077400000000002,0.4922600000000001,],
[0.5000000000000001,0.5000000000000001,],
[0.5289100000000001,0.47109,],
[0.53249,0.4675100000000001,],
[0.5183500000000001,0.48165,],
[0.5151000000000002,0.4849000000000001,],
[0.5171700000000001,0.4828300000000001,],
[0.5000000000000001,0.5000000000000001,],
[0.5265800000000002,0.47342,],
[0.5171400000000002,0.4828600000000001,],
[0.5155400000000001,0.4844600000000001,],
[0.5282900000000001,0.47171,],
[0.5305700000000001,0.4694300000000001,],
[0.5000000000000001,0.5000000000000001,],
[0.5000000000000001,0.5000000000000001,],
[0.4945200000000001,0.5054800000000002,],
[0.5047100000000001,0.4952900000000001,],
[0.5021500000000001,0.4978500000000001,],
[0.5091800000000001,0.4908200000000001,],
[0.50648,0.4935200000000001,],
[0.5000000000000001,0.5000000000000001,],
[0.5073500000000001,0.49265,],
[0.50851,0.49149,],
[0.5145500000000001,0.48545,],
[0.5203900000000001,0.47961,],
[0.51048,0.4895200000000001,],
[0.5000000000000001,0.5000000000000001,],
[0.5151700000000001,0.48483,],
[0.5200400000000002,0.47996,],
[0.5077100000000001,0.4922900000000001,],
[0.5022800000000002,0.4977200000000001,],
[0.5173500000000002,0.4826500000000001,],
[0.5000000000000001,0.5000000000000001,],
[0.52473,0.47527,],
[0.5056,0.4944000000000001,],
[0.5158600000000001,0.4841400000000001,],
[0.5094400000000001,0.4905600000000001,],
[0.5111800000000001,0.48882,],
[0.5000000000000001,0.5000000000000001,],
[0.5000000000000001,0.5000000000000001,],
[0.5120800000000001,0.4879200000000001,],
[0.5022700000000001,0.4977300000000001,],
[0.4847,0.5153000000000001,],
[0.5001400000000001,0.4998600000000001,],
[0.4943500000000001,0.50565,],
[0.5000000000000001,0.5000000000000001,],
[0.4981600000000001,0.5018400000000001,],
[0.5060800000000001,0.49392,],
[0.4998900000000001,0.5001100000000001,],
[0.48528,0.5147200000000002,],
[0.4995100000000001,0.50049,],
[0.5000000000000001,0.5000000000000001,],
[0.50507,0.49493,],
[0.5187700000000001,0.48123,],
[0.50107,0.49893,],
[0.5018600000000001,0.4981400000000001,],
[0.4998500000000001,0.5001500000000001,],
[0.5000000000000001,0.5000000000000001,],
[0.51136,0.48864,],
[0.5113500000000001,0.48865,],
[0.50249,0.4975100000000001,],
[0.5162800000000001,0.48372,],
[0.5100000000000001,0.49,],
[0.5000000000000001,0.5000000000000001,],
[0.5000000000000001,0.5000000000000001,],
[0.4928200000000001,0.5071800000000002,],
[0.49765,0.5023500000000001,],
[0.5058900000000001,0.4941100000000001,],
[0.4957800000000001,0.5042200000000001,],
[0.5069400000000002,0.4930600000000001,],
[0.5000000000000001,0.5000000000000001,],
[0.5073300000000001,0.4926700000000001,],
[0.5122400000000001,0.4877600000000001,],
[0.50378,0.49622,],
[0.4892200000000001,0.5107800000000001,],
[0.5013200000000001,0.4986800000000001,],
[0.5000000000000001,0.5000000000000001,],
[0.4986400000000001,0.50136,],
[0.5043000000000001,0.4957000000000001,],
[0.4969300000000001,0.50307,],
[0.4880300000000001,0.51197,],
[0.5048300000000001,0.4951700000000001,],
[0.5000000000000001,0.5000000000000001,],
[0.5054500000000001,0.4945500000000001,],
[0.50648,0.4935200000000001,],
[0.5065000000000001,0.4935,],
[0.5204800000000002,0.47952,],
[0.5033300000000001,0.4966700000000001,],
[0.5000000000000001,0.5000000000000001,],
[0.5000000000000001,0.5000000000000001,],
[0.5188600000000001,0.48114,],
[0.5109100000000001,0.4890900000000001,],
[0.5027000000000001,0.4973000000000001,],
[0.5167700000000001,0.48323,],
[0.5099000000000001,0.4901,],
[0.5000000000000001,0.5000000000000001,],
[0.5123100000000002,0.4876900000000001,],
[0.5132100000000001,0.4867900000000001,],
[0.5055700000000001,0.4944300000000001,],
[0.5250800000000002,0.47492,],
[0.5125900000000001,0.48741,],
[0.5000000000000001,0.5000000000000001,],
[0.5258600000000001,0.47414,],
[0.52417,0.47583,],
[0.5035800000000001,0.4964200000000001,],
[0.50792,0.4920800000000001,],
[0.5150000000000001,0.485,],
[0.5000000000000001,0.5000000000000001,],
[0.5238800000000001,0.47612,],
[0.5200600000000002,0.47994,],
[0.51151,0.48849,],
[0.5069300000000001,0.4930700000000001,],
[0.53484,0.46516,],
[0.5000000000000001,0.5000000000000001,],
[0.5000000000000001,0.5000000000000001,],
[0.5046600000000001,0.4953400000000001,],
[0.4965700000000001,0.50343,],
[0.4920200000000001,0.5079800000000001,],
[0.5023400000000001,0.49766,],
[0.5023200000000001,0.4976800000000001,],
[0.5000000000000001,0.5000000000000001,],
[0.5107100000000001,0.4892900000000001,],
[0.4961200000000001,0.5038800000000001,],
[0.5054700000000001,0.4945300000000001,],
[0.48156,0.5184400000000001,],
[0.51163,0.48837,],
[0.5000000000000001,0.5000000000000001,],
[0.5186400000000001,0.4813600000000001,],
[0.5211800000000002,0.4788200000000001,],
[0.4962700000000001,0.50373,],
[0.5071200000000001,0.4928800000000001,],
[0.5097700000000001,0.4902300000000001,],
[0.5000000000000001,0.5000000000000001,],
[0.52075,0.47925,],
[0.5094700000000001,0.4905300000000001,],
[0.5087400000000001,0.49126,],
[0.5115600000000001,0.48844,],
[0.5329600000000001,0.46704,],
[0.5000000000000001,0.5000000000000001,],
[0.5000000000000001,0.5000000000000001,],
[0.4928500000000001,0.5071500000000001,],
[0.5078800000000001,0.4921200000000001,],
[0.5082300000000001,0.4917700000000001,],
[0.4997300000000001,0.50027,],
[0.4947900000000001,0.50521,],
[0.5000000000000001,0.5000000000000001,],
[0.4929400000000001,0.5070600000000002,],
[0.5080400000000002,0.4919600000000001,],
[0.5119100000000001,0.4880900000000001,],
[0.4981900000000001,0.5018100000000001,],
[0.5006700000000001,0.4993300000000001,],
[0.5000000000000001,0.5000000000000001,],
[0.4989400000000001,0.5010600000000001,],
[0.5149200000000002,0.48508,],
[0.4995800000000001,0.5004200000000001,],
[0.5099000000000001,0.4901,],
[0.51141,0.4885900000000001,],
[0.5000000000000001,0.5000000000000001,],
[0.4978700000000001,0.5021300000000001,],
[0.50521,0.4947900000000001,],
[0.5040899999999999,0.4959100000000001,],
[0.5109900000000001,0.4890100000000001,],
[0.5130000000000001,0.487,],
[0.5000000000000001,0.5000000000000001,],
];;
