gibbs_marginals := [
[0.8989422222222222,0.1010577777777778,],
[0.7674822222222222,0.12046,0.1120577777777778,],
[0.6836933333333333,0.09613555555555556,0.1004733333333333,0.1196977777777778,],
[0.6422577777777778,0.09156222222222221,0.07868666666666667,0.09191999999999999,0.09557333333333333,],
[0.61092,0.08999333333333333,0.06320888888888888,0.07514444444444444,0.07582222222222222,0.0849111111111111,],
[0.8990933333333334,0.1009066666666666,],
[0.8378088888888888,0.06830444444444445,0.09388666666666666,],
[0.7882577777777776,0.05901777777777778,0.07786444444444446,0.07486,],
[0.7429088888888887,0.05315555555555555,0.06483555555555555,0.06015333333333333,0.07894666666666668,],
[0.6167422222222222,0.08031333333333333,0.0709688888888889,0.08960222222222222,0.06283999999999999,0.07953333333333334,],
[0.8908066666666666,0.1091933333333333,],
[0.7897622222222223,0.1008044444444444,0.1094333333333333,],
[0.7012044444444444,0.09091777777777778,0.09836666666666667,0.1095111111111111,],
[0.6189711111111111,0.08851111111111111,0.08160444444444444,0.09391555555555554,0.1169977777777778,],
[0.5310377777777778,0.09763333333333334,0.07825777777777777,0.09538222222222222,0.1029333333333333,0.09475555555555555,],
[0.8705577777777778,0.1294422222222222,],
[0.7990422222222222,0.09568888888888888,0.1052688888888889,],
[0.7097311111111111,0.09389333333333333,0.08654444444444444,0.1098311111111111,],
[0.59876,0.08803555555555556,0.08184444444444446,0.11718,0.11418,],
[0.5658088888888889,0.06694222222222222,0.1116022222222222,0.07600444444444444,0.09487555555555556,0.08476666666666666,],
[0.9190266666666668,0.08097333333333334,],
[0.8473733333333332,0.08074888888888888,0.07187777777777779,],
[0.7629733333333333,0.07463999999999998,0.07920888888888888,0.08317777777777777,],
[0.7391933333333333,0.05805333333333334,0.05815111111111111,0.0692,0.07540222222222223,],
[0.65156,0.07991333333333334,0.05451111111111111,0.08341999999999999,0.05476444444444445,0.07583111111111111,],
[0.9271555555555555,0.07284444444444445,],
[0.8469622222222222,0.07683111111111111,0.07620666666666666,],
[0.7936911111111111,0.0710688888888889,0.07256888888888889,0.06267111111111111,],
[0.7310422222222221,0.07026444444444445,0.05634222222222222,0.06701111111111112,0.07534,],
[0.7012155555555556,0.06466444444444444,0.04513555555555556,0.05942888888888889,0.07220000000000001,0.05735555555555556,],
[0.9311844444444446,0.06881555555555556,],
[0.8773088888888889,0.06207777777777778,0.06061333333333333,],
[0.8047444444444444,0.08038666666666668,0.05558666666666667,0.05928222222222222,],
[0.7165133333333333,0.05756000000000001,0.08508888888888888,0.06481333333333333,0.07602444444444444,],
[0.7023666666666667,0.05078666666666667,0.05286888888888889,0.07828222222222223,0.06640666666666667,0.04928888888888889,],
[0.9162866666666667,0.08371333333333332,],
[0.8625666666666667,0.07445555555555555,0.06297777777777777,],
[0.7902866666666666,0.05912666666666667,0.07775777777777779,0.07282888888888889,],
[0.7546999999999999,0.06066888888888889,0.05547111111111111,0.06351333333333332,0.06564666666666666,],
[0.6949266666666666,0.06995111111111112,0.05404444444444444,0.06605333333333334,0.05845111111111111,0.05657333333333334,],
[0.8887266666666667,0.1112733333333333,],
[0.8173733333333333,0.09012666666666667,0.0925,],
[0.7159644444444444,0.0939711111111111,0.09435555555555555,0.09570888888888889,],
[0.6701555555555555,0.07887111111111111,0.08759333333333333,0.07669555555555556,0.08668444444444444,],
[0.6035466666666667,0.08198444444444444,0.07729777777777777,0.07643333333333334,0.07395777777777778,0.08678000000000001,],
[0.930768888888889,0.0692311111111111,],
[0.8210377777777778,0.08039111111111111,0.09857111111111111,],
[0.8273533333333333,0.06020444444444444,0.05890444444444445,0.05353777777777777,],
[0.739808888888889,0.07604888888888889,0.06000222222222222,0.05985555555555556,0.06428444444444444,],
[0.693068888888889,0.05618888888888889,0.06268444444444443,0.05760000000000001,0.06762444444444446,0.06283333333333332,],
[0.4871911111111111,0.5128088888888889,],
[0.4661422222222223,0.5338577777777778,],
[0.4900155555555555,0.5099844444444445,],
[0.4986577777777778,0.5013422222222221,],
[0.4970466666666667,0.5029533333333334,],
[0.506951111111111,0.4930488888888889,],
[0.5303822222222223,0.4696177777777778,],
[0.5265377777777777,0.4734622222222222,],
[0.5290311111111111,0.4709688888888889,],
[0.51322,0.48678,],
[0.5120533333333334,0.4879466666666667,],
[0.5350311111111111,0.4649688888888889,],
[0.5146822222222222,0.4853177777777778,],
[0.5117266666666666,0.4882733333333333,],
[0.5583933333333333,0.4416066666666666,],
[0.4947466666666667,0.5052533333333332,],
[0.4968133333333333,0.5031866666666667,],
[0.5270355555555556,0.4729644444444445,],
[0.50112,0.49888,],
[0.5303644444444445,0.4696355555555556,],
[0.5028088888888889,0.4971911111111111,],
[0.5002422222222223,0.4997577777777778,],
[0.4960711111111111,0.5039288888888889,],
[0.5412577777777778,0.4587422222222222,],
[0.5304155555555556,0.4695844444444445,],
[0.4845066666666667,0.5154933333333332,],
[0.4830822222222222,0.5169177777777777,],
[0.4745488888888889,0.525451111111111,],
[0.5069977777777777,0.4930022222222222,],
[0.5423555555555555,0.4576444444444445,],
[0.5312377777777778,0.4687622222222222,],
[0.5112688888888889,0.4887311111111112,],
[0.5159311111111111,0.4840688888888889,],
[0.5143822222222222,0.4856177777777778,],
[0.4964911111111112,0.5035088888888889,],
[0.4857311111111111,0.5142688888888889,],
[0.4825933333333333,0.5174066666666666,],
[0.4921755555555556,0.5078244444444444,],
[0.4975488888888889,0.5024511111111111,],
[0.5108177777777777,0.4891822222222222,],
[0.5173555555555556,0.4826444444444444,],
[0.4954955555555556,0.5045044444444445,],
[0.5252399999999999,0.47476,],
[0.4995533333333333,0.5004466666666667,],
[0.52236,0.47764,],
[0.4868822222222222,0.5131177777777778,],
[0.5258933333333333,0.4741066666666667,],
[0.5509288888888889,0.4490711111111111,],
[0.4875422222222222,0.5124577777777778,],
[0.4759533333333333,0.5240466666666665,],
[0.4708977777777778,0.5291022222222223,],
[0.5076955555555556,0.4923044444444445,],
[0.4707044444444445,0.5292955555555556,],
[0.5146911111111111,0.4853088888888889,],
[0.5263933333333333,0.4736066666666666,],
[0.5459022222222222,0.4540977777777778,],
[0.4868888888888889,0.5131111111111111,],
[0.4870488888888889,0.512951111111111,],
[0.5142377777777778,0.4857622222222222,],
[0.5379088888888889,0.4620911111111111,],
[0.4988688888888889,0.5011311111111111,],
[0.5287933333333332,0.4712066666666667,],
[0.50164,0.49836,],
[0.5605022222222222,0.4394977777777777,],
[0.5449511111111111,0.4550488888888889,],
[0.5363444444444445,0.4636555555555556,],
[0.5073533333333332,0.4926466666666667,],
[0.5225244444444445,0.4774755555555555,],
[0.5021311111111111,0.497868888888889,],
[0.4953777777777778,0.5046222222222222,],
[0.5189222222222223,0.4810777777777778,],
[0.5145955555555555,0.4854044444444444,],
[0.5558133333333333,0.4441866666666666,],
[0.5460777777777778,0.4539222222222222,],
[0.5050111111111111,0.4949888888888889,],
[0.50312,0.49688,],
[0.4983177777777778,0.5016822222222221,],
[0.5212555555555556,0.4787444444444444,],
[0.5033288888888889,0.4966711111111111,],
[0.5466177777777779,0.4533822222222222,],
[0.50414,0.49586,],
[0.4738822222222222,0.5261177777777778,],
[0.4960644444444445,0.5039355555555556,],
[0.4701733333333334,0.5298266666666667,],
[0.5237422222222221,0.4762577777777778,],
[0.4710377777777778,0.5289622222222222,],
[0.5080888888888888,0.4919111111111111,],
[0.4733777777777778,0.5266222222222221,],
[0.5127733333333333,0.4872266666666667,],
[0.5477155555555556,0.4522844444444445,],
[0.5332155555555556,0.4667844444444444,],
[0.4959977777777778,0.5040022222222222,],
[0.5367933333333332,0.4632066666666667,],
[0.5020066666666667,0.4979933333333334,],
[0.5273511111111111,0.4726488888888889,],
[0.5321911111111112,0.4678088888888889,],
[0.4909311111111111,0.5090688888888889,],
[0.5452822222222222,0.4547177777777778,],
[0.5308333333333334,0.4691666666666667,],
[0.5087711111111112,0.4912288888888889,],
[0.4690244444444445,0.5309755555555556,],
[0.5139533333333334,0.4860466666666667,],
[0.5145888888888888,0.4854111111111111,],
[0.5207177777777778,0.4792822222222223,],
[0.5162999999999999,0.4837,],
[0.4819911111111111,0.5180088888888889,],
[0.5044644444444445,0.4955355555555556,],
[0.4987688888888889,0.5012311111111111,],
[0.4902088888888889,0.5097911111111111,],
[0.5059244444444444,0.4940755555555555,],
[0.4900022222222222,0.5099977777777779,],
[0.4854155555555555,0.5145844444444444,],
[0.525491111111111,0.4745088888888889,],
[0.5056377777777777,0.4943622222222222,],
[0.5517733333333333,0.4482266666666667,],
[0.5137533333333333,0.4862466666666667,],
[0.4881777777777778,0.5118222222222222,],
[0.5211644444444444,0.4788355555555556,],
[0.48984,0.5101599999999999,],
[0.5149066666666665,0.4850933333333333,],
[0.5016711111111111,0.4983288888888889,],
[0.4889977777777778,0.5110022222222222,],
[0.5072422222222221,0.4927577777777779,],
[0.5069022222222221,0.4930977777777777,],
[0.4862244444444445,0.5137755555555555,],
[0.4661666666666667,0.5338333333333334,],
[0.5346466666666666,0.4653533333333334,],
[0.4625222222222222,0.5374777777777778,],
[0.4929511111111111,0.5070488888888888,],
[0.49668,0.50332,],
[0.5074688888888889,0.4925311111111111,],
[0.4805955555555555,0.5194044444444443,],
[0.4813755555555556,0.5186244444444443,],
[0.5050444444444444,0.4949555555555555,],
[0.5130399999999999,0.48696,],
[0.5263622222222222,0.4736377777777778,],
[0.4608688888888889,0.5391311111111111,],
[0.5177488888888889,0.4822511111111111,],
[0.5555133333333334,0.4444866666666666,],
[0.5110688888888889,0.4889311111111111,],
[0.5086266666666667,0.4913733333333333,],
[0.53118,0.4688200000000001,],
[0.4756177777777778,0.5243822222222221,],
[0.49696,0.50304,],
[0.5283866666666667,0.4716133333333333,],
[0.5108577777777777,0.4891422222222222,],
[0.4860866666666667,0.5139133333333333,],
[0.5253622222222222,0.4746377777777778,],
[0.4932466666666667,0.5067533333333333,],
[0.508788888888889,0.4912111111111112,],
[0.5041555555555556,0.4958444444444444,],
[0.5026622222222221,0.4973377777777778,],
[0.5227000000000001,0.4773,],
[0.502391111111111,0.4976088888888889,],
[0.52486,0.4751400000000001,],
[0.5233622222222223,0.4766377777777777,],
[0.4829555555555555,0.5170444444444444,],
[0.5129311111111111,0.4870688888888889,],
[0.5213866666666667,0.4786133333333333,],
[0.4997288888888889,0.5002711111111112,],
[0.5278888888888889,0.4721111111111111,],
[0.4860511111111111,0.5139488888888889,],
[0.4994733333333333,0.5005266666666667,],
[0.5007444444444444,0.4992555555555556,],
[0.5403777777777778,0.4596222222222222,],
[0.5446644444444445,0.4553355555555556,],
[0.5347066666666667,0.4652933333333333,],
[0.5333044444444445,0.4666955555555556,],
[0.5025555555555555,0.4974444444444445,],
[0.5289911111111111,0.4710088888888889,],
[0.4982466666666667,0.5017533333333333,],
[0.5007866666666667,0.4992133333333333,],
[0.5078888888888888,0.4921111111111111,],
[0.4969844444444445,0.5030155555555555,],
[0.4750911111111111,0.5249088888888889,],
[0.4823244444444444,0.5176755555555556,],
[0.5254288888888888,0.4745711111111112,],
[0.5176511111111111,0.4823488888888889,],
[0.4903111111111111,0.5096888888888889,],
[0.5322666666666667,0.4677333333333334,],
[0.4885622222222222,0.5114377777777778,],
[0.4912266666666667,0.5087733333333333,],
[0.4833177777777778,0.5166822222222223,],
[0.517471111111111,0.4825288888888889,],
[0.5091111111111111,0.4908888888888889,],
[0.4833066666666667,0.5166933333333333,],
[0.5234577777777777,0.4765422222222222,],
[0.4826377777777778,0.5173622222222222,],
[0.5013977777777777,0.4986022222222222,],
[0.5269844444444445,0.4730155555555556,],
[0.5124088888888889,0.4875911111111111,],
[0.5120111111111111,0.4879888888888889,],
[0.5307822222222222,0.4692177777777778,],
[0.4904555555555556,0.5095444444444444,],
[0.4847733333333333,0.5152266666666665,],
[0.5055066666666665,0.4944933333333333,],
[0.4830977777777778,0.5169022222222222,],
[0.4680555555555556,0.5319444444444444,],
[0.4974333333333334,0.5025666666666667,],
[0.5015088888888888,0.4984911111111111,],
[0.4931822222222222,0.5068177777777777,],
[0.50876,0.49124,],
[0.5225022222222223,0.4774977777777777,],
[0.5537711111111111,0.4462288888888889,],
[0.4998488888888889,0.5001511111111111,],
[0.5250822222222222,0.4749177777777778,],
[0.4904066666666667,0.5095933333333332,],
[0.5142266666666667,0.4857733333333333,],
[0.5058333333333332,0.4941666666666666,],
[0.5204111111111112,0.4795888888888889,],
[0.5042155555555556,0.4957844444444445,],
[0.5060644444444443,0.4939355555555556,],
[0.5113666666666667,0.4886333333333334,],
[0.4885777777777778,0.5114222222222222,],
[0.4920466666666667,0.5079533333333334,],
[0.4816688888888889,0.5183311111111111,],
[0.5162066666666666,0.4837933333333334,],
[0.5080155555555556,0.4919844444444444,],
[0.4965444444444445,0.5034555555555557,],
[0.5412133333333334,0.4587866666666667,],
[0.4976333333333334,0.5023666666666666,],
[0.5385444444444445,0.4614555555555556,],
[0.5322488888888889,0.4677511111111112,],
[0.4949044444444444,0.5050955555555555,],
[0.4983266666666667,0.5016733333333333,],
[0.4807622222222222,0.5192377777777778,],
[0.5443133333333333,0.4556866666666667,],
[0.4898266666666666,0.5101733333333334,],
[0.4722822222222223,0.5277177777777777,],
[0.5019222222222223,0.4980777777777778,],
[0.5198244444444444,0.4801755555555555,],
[0.4883488888888889,0.5116511111111112,],
[0.4989666666666667,0.5010333333333333,],
[0.5128622222222221,0.4871377777777778,],
[0.5141466666666666,0.4858533333333333,],
[0.523411111111111,0.4765888888888888,],
[0.4703444444444445,0.5296555555555555,],
[0.4450355555555555,0.5549644444444444,],
[0.5150066666666666,0.4849933333333333,],
[0.5057244444444444,0.4942755555555555,],
[0.4967644444444445,0.5032355555555555,],
[0.4765333333333333,0.5234666666666666,],
[0.5071822222222221,0.4928177777777778,],
[0.4965577777777778,0.5034422222222222,],
[0.5021955555555555,0.4978044444444445,],
[0.5108666666666667,0.4891333333333333,],
[0.51984,0.48016,],
[0.5172155555555555,0.4827844444444445,],
[0.5301488888888889,0.4698511111111112,],
[0.4810444444444444,0.5189555555555556,],
];;
