nc_marginals := [
[0.88815,0.11185,],
[0.78112,0.10984,0.10904,],
[0.71633,0.09372,0.09501,0.09494000000000001,],
[0.5954300000000001,0.10175,0.10146,0.1011,0.10026,],
[0.56205,0.08676000000000002,0.08732999999999999,0.08940000000000001,0.08714000000000001,0.08731999999999999,],
[0.91642,0.08358000000000002,],
[0.83077,0.08461,0.08462000000000001,],
[0.75256,0.08179000000000002,0.08304,0.08261,],
[0.7372500000000001,0.06648000000000001,0.06594000000000003,0.06561000000000002,0.06472000000000001,],
[0.64961,0.06998000000000001,0.07034000000000001,0.07013000000000001,0.06960000000000001,0.07034000000000001,],
[0.8427500000000001,0.15725,],
[0.79151,0.10444,0.10405,],
[0.76233,0.07965,0.08048000000000001,0.07754000000000001,],
[0.6871000000000002,0.07875000000000001,0.07758000000000001,0.07866000000000001,0.07791000000000001,],
[0.53755,0.09334000000000001,0.09174000000000002,0.09203000000000001,0.09419000000000001,0.09115000000000001,],
[0.8559300000000001,0.14407,],
[0.73129,0.13387,0.13484,],
[0.7011499999999999,0.09986000000000002,0.09925,0.09974000000000001,],
[0.67021,0.08303000000000001,0.08164000000000002,0.08233,0.08279,],
[0.6766700000000001,0.06475000000000002,0.06332,0.06515000000000001,0.06510000000000002,0.06501000000000001,],
[0.8958700000000001,0.10413,],
[0.8410200000000001,0.07865,0.08033000000000001,],
[0.8006800000000001,0.06598000000000002,0.06697,0.06637000000000001,],
[0.64461,0.08841,0.08870000000000001,0.08933000000000001,0.08895,],
[0.6324600000000001,0.07363000000000001,0.07339000000000001,0.07450000000000001,0.07200000000000001,0.07402000000000002,],
[0.9386100000000001,0.06139000000000001,],
[0.8590500000000001,0.07043000000000002,0.07052000000000001,],
[0.7863100000000001,0.07115000000000002,0.07049000000000001,0.07205,],
[0.73209,0.06706000000000001,0.06746000000000001,0.06764000000000001,0.06575000000000002,],
[0.6868600000000001,0.06214000000000001,0.06217000000000001,0.06354000000000001,0.06256,0.06273000000000001,],
[0.9070400000000001,0.09296,],
[0.8562300000000002,0.07217,0.07160000000000001,],
[0.75695,0.08073000000000001,0.08153000000000001,0.08079000000000001,],
[0.7713500000000001,0.05682,0.05724,0.05751000000000001,0.05708,],
[0.7362300000000002,0.05218,0.05235000000000001,0.0543,0.05249000000000001,0.05245,],
[0.9221100000000001,0.07789,],
[0.85755,0.07136000000000002,0.07109000000000001,],
[0.74785,0.08413,0.08354000000000002,0.08448000000000001,],
[0.7582500000000001,0.06084000000000001,0.05987000000000001,0.06029,0.06075000000000001,],
[0.65676,0.06829,0.06808,0.07002000000000001,0.06746000000000001,0.06939000000000001,],
[0.8542800000000002,0.14572,],
[0.7967100000000001,0.10262,0.10067,],
[0.7173500000000002,0.09539000000000002,0.09366000000000001,0.0936,],
[0.70885,0.07306000000000001,0.07389,0.07150000000000002,0.07270000000000001,],
[0.6146000000000001,0.07586000000000002,0.07639000000000001,0.07837,0.07746000000000001,0.07732,],
[0.8844600000000001,0.11554,],
[0.8331500000000001,0.08391000000000001,0.08294000000000001,],
[0.8117500000000002,0.06213000000000001,0.06313000000000001,0.06299,],
[0.7534900000000001,0.06174,0.06241000000000001,0.06216000000000001,0.0602,],
[0.6797800000000001,0.06395000000000001,0.06397,0.06365,0.06423000000000001,0.06442000000000002,],
[0.50021,0.4997900000000001,],
[0.4628,0.5372,],
[0.4948600000000001,0.5051400000000001,],
[0.5262400000000002,0.47376,],
[0.49361,0.50639,],
[0.4646400000000001,0.5353600000000001,],
[0.4992900000000001,0.5007100000000001,],
[0.50369,0.4963100000000001,],
[0.49904,0.5009600000000001,],
[0.5240400000000002,0.47596,],
[0.49777,0.5022300000000001,],
[0.5027400000000001,0.4972600000000001,],
[0.4997100000000001,0.50029,],
[0.5546000000000001,0.4454,],
[0.4915900000000001,0.50841,],
[0.5267500000000001,0.47325,],
[0.4954800000000001,0.5045200000000002,],
[0.55513,0.44487,],
[0.4994200000000001,0.50058,],
[0.5640500000000002,0.4359500000000001,],
[0.4984700000000001,0.5015299999999999,],
[0.5254200000000002,0.47458,],
[0.49125,0.50875,],
[0.5593900000000001,0.4406100000000001,],
[0.5012800000000001,0.4987200000000001,],
[0.50099,0.4990100000000001,],
[0.43413,0.5658700000000001,],
[0.4975000000000001,0.5025000000000001,],
[0.5725000000000001,0.4275,],
[0.5276200000000002,0.47238,],
[0.42994,0.5700600000000001,],
[0.5018400000000001,0.4981600000000001,],
[0.4864700000000001,0.51353,],
[0.5722600000000001,0.4277400000000001,],
[0.58111,0.41889,],
[0.49648,0.5035200000000001,],
[0.4840900000000001,0.5159100000000001,],
[0.50504,0.4949600000000001,],
[0.4865800000000001,0.5134200000000001,],
[0.5456700000000001,0.45433,],
[0.57313,0.4268700000000001,],
[0.57608,0.4239200000000001,],
[0.4869900000000001,0.5130100000000001,],
[0.50105,0.4989500000000001,],
[0.4791400000000001,0.5208600000000002,],
[0.5284500000000001,0.47155,],
[0.5797300000000001,0.4202700000000001,],
[0.54595,0.45405,],
[0.47816,0.5218400000000001,],
[0.4971700000000001,0.50283,],
[0.50124,0.49876,],
[0.5161300000000001,0.4838700000000001,],
[0.55405,0.4459500000000001,],
[0.4554,0.5446000000000001,],
[0.5284700000000001,0.47153,],
[0.51173,0.4882700000000001,],
[0.4980600000000001,0.5019400000000002,],
[0.5535200000000001,0.44648,],
[0.5053800000000001,0.4946200000000001,],
[0.48613,0.51387,],
[0.5521800000000001,0.4478200000000001,],
[0.5496600000000001,0.4503400000000001,],
[0.4990600000000001,0.5009400000000001,],
[0.5580900000000001,0.4419100000000001,],
[0.5726400000000001,0.42736,],
[0.4494700000000001,0.5505300000000001,],
[0.50912,0.49088,],
[0.5586500000000001,0.44135,],
[0.4994300000000001,0.50057,],
[0.4946600000000001,0.5053400000000001,],
[0.5287400000000001,0.47126,],
[0.48856,0.51144,],
[0.57435,0.42565,],
[0.4979900000000001,0.5020100000000001,],
[0.5024700000000001,0.4975300000000001,],
[0.5019200000000001,0.4980800000000001,],
[0.5538100000000001,0.4461900000000001,],
[0.51405,0.48595,],
[0.4801800000000001,0.5198200000000002,],
[0.54465,0.45535,],
[0.5507000000000002,0.4493000000000001,],
[0.4988300000000001,0.50117,],
[0.48492,0.5150800000000002,],
[0.55005,0.4499500000000001,],
[0.5116400000000001,0.48836,],
[0.5154700000000001,0.48453,],
[0.48341,0.51659,],
[0.5004600000000001,0.4995400000000001,],
[0.5053800000000001,0.4946200000000001,],
[0.50669,0.4933100000000001,],
[0.4756,0.5244000000000001,],
[0.55208,0.44792,],
[0.50664,0.4933600000000001,],
[0.4984800000000001,0.50152,],
[0.5651800000000001,0.43482,],
[0.5451,0.4549,],
[0.5090100000000001,0.4909900000000001,],
[0.5080600000000002,0.4919400000000001,],
[0.56425,0.43575,],
[0.5011100000000001,0.4988900000000001,],
[0.4995700000000001,0.50043,],
[0.4832900000000001,0.5167100000000001,],
[0.4935400000000001,0.5064600000000001,],
[0.5258200000000002,0.47418,],
[0.4468700000000001,0.5531300000000001,],
[0.48272,0.5172800000000002,],
[0.49638,0.5036200000000001,],
[0.4855,0.5145000000000001,],
[0.51435,0.48565,],
[0.5175900000000001,0.48241,],
[0.49088,0.50912,],
[0.48695,0.51305,],
[0.4996100000000001,0.5003900000000001,],
[0.5055500000000001,0.4944500000000001,],
[0.5099000000000001,0.4901,],
[0.5253400000000003,0.47466,],
[0.5172200000000001,0.48278,],
[0.50537,0.4946300000000001,],
[0.5003700000000001,0.4996300000000001,],
[0.47865,0.5213500000000001,],
[0.4481200000000001,0.5518800000000001,],
[0.5205700000000001,0.47943,],
[0.50861,0.49139,],
[0.47697,0.5230300000000001,],
[0.4983700000000001,0.50163,],
[0.4980100000000001,0.5019900000000002,],
[0.5515600000000002,0.4484400000000001,],
[0.52429,0.47571,],
[0.5487900000000001,0.45121,],
[0.4815300000000001,0.5184700000000001,],
[0.5496300000000001,0.45037,],
[0.4999500000000001,0.5000500000000001,],
[0.5455500000000001,0.45445,],
[0.4928300000000001,0.5071700000000001,],
[0.4694,0.5306000000000002,],
[0.5247800000000001,0.47522,],
[0.5430200000000002,0.4569800000000001,],
[0.5000500000000001,0.4999500000000001,],
[0.4775400000000001,0.5224600000000003,],
[0.5103700000000001,0.4896300000000001,],
[0.5489600000000001,0.45104,],
[0.4908600000000001,0.50914,],
[0.47339,0.5266100000000001,],
[0.49988,0.5001200000000001,],
[0.4753100000000001,0.5246900000000001,],
[0.4843500000000001,0.5156500000000001,],
[0.4700000000000001,0.5300000000000001,],
[0.5081300000000001,0.4918700000000001,],
[0.47577,0.5242300000000001,],
[0.50185,0.4981500000000001,],
[0.4991800000000001,0.50082,],
[0.50643,0.4935700000000001,],
[0.41365,0.58635,],
[0.4960200000000001,0.5039800000000001,],
[0.5044900000000001,0.4955100000000001,],
[0.50431,0.4956900000000001,],
[0.4985600000000001,0.50144,],
[0.5176700000000002,0.48233,],
[0.5218800000000001,0.47812,],
[0.46422,0.53578,],
[0.41589,0.58411,],
[0.5151800000000002,0.48482,],
[0.50147,0.4985300000000001,],
[0.5329900000000001,0.46701,],
[0.4931200000000001,0.5068800000000001,],
[0.4970800000000001,0.5029200000000001,],
[0.5185800000000002,0.4814200000000001,],
[0.5361900000000001,0.4638100000000001,],
[0.49988,0.5001200000000001,],
[0.53185,0.4681500000000001,],
[0.50617,0.49383,],
[0.4669800000000001,0.5330200000000002,],
[0.4983400000000001,0.5016600000000001,],
[0.53487,0.46513,],
[0.50122,0.4987800000000001,],
[0.4988200000000001,0.5011800000000001,],
[0.50088,0.4991200000000001,],
[0.49122,0.5087800000000001,],
[0.5159900000000001,0.4840100000000001,],
[0.4921700000000001,0.5078300000000001,],
[0.50419,0.4958100000000001,],
[0.5025600000000001,0.49744,],
[0.5234200000000002,0.4765800000000001,],
[0.48245,0.5175500000000001,],
[0.5009,0.4991,],
[0.4874600000000001,0.5125400000000002,],
[0.5269100000000001,0.47309,],
[0.5005200000000001,0.4994800000000001,],
[0.5057600000000001,0.4942400000000001,],
[0.4915600000000001,0.5084400000000001,],
[0.5162800000000001,0.48372,],
[0.4839000000000001,0.5161000000000001,],
[0.50857,0.49143,],
[0.49988,0.5001200000000001,],
[0.51148,0.48852,],
[0.4922500000000001,0.5077500000000001,],
[0.50351,0.49649,],
[0.48833,0.5116700000000001,],
[0.5119000000000001,0.4881000000000001,],
[0.50161,0.4983900000000001,],
[0.4999200000000001,0.5000800000000001,],
[0.5134000000000001,0.4866,],
[0.5179900000000002,0.48201,],
[0.4923500000000001,0.50765,],
[0.5531300000000001,0.4468700000000001,],
[0.5154900000000001,0.4845100000000001,],
[0.50112,0.49888,],
[0.47124,0.5287600000000001,],
[0.5170600000000001,0.48294,],
[0.5117,0.4883000000000001,],
[0.5173000000000002,0.4827000000000001,],
[0.47077,0.5292300000000001,],
[0.4987200000000001,0.5012800000000001,],
[0.47365,0.5263500000000001,],
[0.5020500000000001,0.4979500000000001,],
[0.4929000000000001,0.5071000000000002,],
[0.5178000000000001,0.4822,],
[0.47648,0.5235200000000001,],
[0.50145,0.4985500000000001,],
[0.4831900000000001,0.51681,],
[0.5515100000000001,0.4484900000000001,],
[0.5094400000000001,0.4905600000000001,],
[0.4983700000000001,0.50163,],
[0.4859000000000001,0.5141000000000001,],
[0.5027400000000001,0.4972600000000001,],
[0.50168,0.4983200000000001,],
[0.5559600000000001,0.44404,],
[0.5379900000000001,0.46201,],
[0.51656,0.48344,],
[0.5133200000000001,0.4866800000000001,],
[0.5537600000000001,0.44624,],
[0.4974600000000001,0.5025400000000001,],
[0.47136,0.5286400000000001,],
[0.479,0.5210000000000001,],
[0.4955800000000001,0.5044200000000001,],
[0.5361800000000001,0.4638200000000001,],
[0.4739,0.5261000000000001,],
[0.5047200000000001,0.4952800000000001,],
[0.5003900000000001,0.4996100000000001,],
[0.5174000000000002,0.4826,],
[0.5205800000000002,0.47942,],
[0.48357,0.5164300000000001,],
[0.4992400000000001,0.5007600000000001,],
[0.4990000000000001,0.5010000000000001,],
[0.46941,0.5305900000000001,],
[0.5128700000000002,0.4871300000000001,],
[0.4971800000000001,0.50282,],
[0.5189800000000001,0.48102,],
[0.4689700000000001,0.5310300000000001,],
[0.5001200000000001,0.49988,],
];;
