nc_marginals := [
[0.4624644444444445,0.5375355555555557,],
[0.5384933333333334,0.4615066666666667,],
[0.4622622222222222,0.5377377777777778,],
[0.5403600000000001,0.45964,],
[0.46236,0.53764,],
[0.5400600000000001,0.4599400000000001,],
[0.46158,0.5384200000000001,],
[0.539031111111111,0.4609688888888889,],
[0.4611577777777778,0.5388422222222222,],
[0.5389133333333334,0.4610866666666667,],
[0.4608755555555556,0.5391244444444444,],
[0.538348888888889,0.4616511111111112,],
[0.4610066666666667,0.5389933333333334,],
[0.5389577777777779,0.4610422222222223,],
[0.4601733333333333,0.5398266666666668,],
[0.5394133333333334,0.4605866666666667,],
[0.4612488888888889,0.5387511111111111,],
[0.5387044444444445,0.4612955555555556,],
[0.4608222222222222,0.5391777777777778,],
[0.5385888888888889,0.4614111111111112,],
[0.4609133333333334,0.5390866666666666,],
[0.5391888888888889,0.4608111111111112,],
[0.4610755555555556,0.5389244444444444,],
[0.5400288888888889,0.4599711111111111,],
[0.4619044444444445,0.5380955555555555,],
[0.5391555555555555,0.4608444444444445,],
[0.4611266666666667,0.5388733333333333,],
[0.5386844444444445,0.4613155555555556,],
[0.4600466666666667,0.5399533333333334,],
[0.5381088888888889,0.4618911111111111,],
[0.4592533333333333,0.5407466666666667,],
[0.5385888888888889,0.4614111111111112,],
[0.4611555555555556,0.5388444444444445,],
[0.541268888888889,0.4587311111111111,],
[0.4625666666666667,0.5374333333333333,],
[0.5390066666666667,0.4609933333333334,],
[0.4599333333333334,0.5400666666666667,],
[0.5397288888888889,0.4602711111111111,],
[0.4602755555555556,0.5397244444444445,],
[0.5387422222222222,0.4612577777777778,],
[0.4623822222222222,0.5376177777777778,],
[0.5384888888888889,0.4615111111111111,],
[0.46266,0.53734,],
[0.5393044444444445,0.4606955555555556,],
[0.4609866666666667,0.5390133333333333,],
[0.5391822222222222,0.4608177777777778,],
[0.46084,0.53916,],
[0.53822,0.4617800000000001,],
[0.46188,0.53812,],
[0.5392311111111111,0.4607688888888889,],
[0.4612444444444445,0.5387555555555555,],
[0.539768888888889,0.4602311111111111,],
[0.4617333333333334,0.5382666666666667,],
[0.5394666666666668,0.4605333333333334,],
[0.4616844444444445,0.5383155555555557,],
[0.5409133333333335,0.4590866666666667,],
[0.4620511111111111,0.5379488888888888,],
[0.5382733333333334,0.4617266666666667,],
[0.4619088888888889,0.5380911111111111,],
[0.5383066666666667,0.4616933333333333,],
[0.4617711111111112,0.538228888888889,],
[0.5393111111111112,0.4606888888888889,],
[0.4620466666666667,0.5379533333333333,],
[0.5383355555555557,0.4616644444444445,],
[0.4602666666666667,0.5397333333333334,],
[0.5391222222222222,0.4608777777777778,],
[0.4603977777777778,0.5396022222222222,],
[0.5382733333333334,0.4617266666666667,],
[0.4596844444444445,0.5403155555555555,],
[0.5390688888888888,0.4609311111111112,],
[0.4603400000000001,0.53966,],
[0.5390022222222223,0.4609977777777778,],
[0.4609622222222223,0.5390377777777777,],
[0.5396711111111111,0.460328888888889,],
[0.4603200000000001,0.53968,],
[0.5389200000000001,0.46108,],
[0.4605866666666667,0.5394133333333334,],
[0.5382533333333334,0.4617466666666667,],
[0.4611555555555556,0.5388444444444445,],
[0.5391977777777778,0.4608022222222223,],
[0.4605977777777778,0.5394022222222223,],
[0.5394977777777779,0.4605022222222223,],
[0.4622377777777777,0.5377622222222223,],
[0.53906,0.4609400000000001,],
[0.4603555555555556,0.5396444444444445,],
[0.5382600000000001,0.46174,],
[0.4606977777777778,0.5393022222222222,],
[0.5376222222222222,0.4623777777777777,],
[0.4592311111111111,0.540768888888889,],
[0.5388488888888889,0.4611511111111111,],
[0.4606933333333333,0.5393066666666667,],
[0.5388533333333333,0.4611466666666667,],
[0.4620977777777778,0.5379022222222222,],
[0.5396066666666667,0.4603933333333334,],
[0.4610511111111112,0.5389488888888889,],
[0.5396977777777778,0.4603022222222223,],
[0.4598622222222222,0.5401377777777778,],
[0.5397000000000001,0.4603,],
[0.4607155555555555,0.5392844444444445,],
[0.5395444444444446,0.4604555555555556,],
[0.4618222222222222,0.5381777777777778,],
[0.5402777777777777,0.4597222222222223,],
[0.4611533333333334,0.5388466666666667,],
[0.5387222222222223,0.4612777777777778,],
[0.46014,0.5398600000000001,],
[0.5392933333333334,0.4607066666666667,],
[0.4620711111111112,0.5379288888888888,],
[0.5396777777777778,0.4603222222222223,],
[0.4611244444444444,0.5388755555555556,],
[0.5406733333333335,0.4593266666666667,],
[0.4613266666666667,0.5386733333333334,],
[0.5387022222222223,0.4612977777777778,],
[0.4606644444444444,0.5393355555555556,],
[0.5382888888888889,0.4617111111111111,],
[0.4608355555555556,0.5391644444444444,],
[0.5392688888888889,0.4607311111111111,],
[0.4611777777777778,0.5388222222222222,],
[0.5386044444444444,0.4613955555555556,],
[0.4591044444444445,0.5408955555555557,],
[0.5384866666666667,0.4615133333333334,],
[0.4608911111111112,0.5391088888888889,],
[0.53944,0.46056,],
[0.4603200000000001,0.53968,],
[0.5400911111111112,0.4599088888888889,],
[0.46132,0.53868,],
[0.5377133333333334,0.4622866666666667,],
[0.460908888888889,0.5390911111111111,],
[0.5396133333333334,0.4603866666666667,],
[0.46074,0.5392600000000001,],
[0.5400400000000001,0.45996,],
[0.4613111111111111,0.538688888888889,],
[0.54018,0.45982,],
[0.4634577777777778,0.5365422222222221,],
[0.5395222222222223,0.4604777777777778,],
[0.4608755555555556,0.5391244444444444,],
[0.5392155555555556,0.4607844444444445,],
[0.4605977777777778,0.5394022222222223,],
[0.5395977777777778,0.4604022222222223,],
[0.4608155555555556,0.5391844444444445,],
[0.5401733333333333,0.4598266666666667,],
[0.4608200000000001,0.53918,],
[0.5388777777777778,0.4611222222222223,],
[0.4613577777777778,0.5386422222222222,],
[0.5396288888888889,0.4603711111111112,],
[0.4604777777777778,0.5395222222222223,],
[0.5398355555555556,0.4601644444444444,],
[0.4627355555555556,0.5372644444444445,],
[0.5400977777777778,0.4599022222222223,],
[0.4618088888888889,0.5381911111111112,],
[0.5400555555555556,0.4599444444444445,],
[0.4618733333333334,0.5381266666666666,],
[0.5384755555555556,0.4615244444444445,],
[0.4606577777777778,0.5393422222222223,],
[0.5383155555555557,0.4616844444444445,],
[0.4599977777777778,0.5400022222222223,],
[0.538428888888889,0.4615711111111112,],
[0.46052,0.5394800000000001,],
[0.5372533333333334,0.4627466666666667,],
[0.4617844444444445,0.5382155555555556,],
[0.5389333333333334,0.4610666666666667,],
[0.4602777777777778,0.5397222222222223,],
[0.53732,0.46268,],
[0.4607088888888889,0.5392911111111112,],
[0.5386733333333334,0.4613266666666667,],
[0.4617600000000001,0.5382400000000001,],
[0.5395000000000001,0.4605000000000001,],
[0.4619355555555556,0.5380644444444445,],
[0.5395266666666668,0.4604733333333334,],
[0.4607466666666667,0.5392533333333334,],
[0.539008888888889,0.4609911111111111,],
[0.4620066666666667,0.5379933333333333,],
[0.5379133333333332,0.4620866666666666,],
[0.4605644444444444,0.5394355555555557,],
[0.5390022222222223,0.4609977777777778,],
[0.4606866666666667,0.5393133333333334,],
[0.5388755555555556,0.4611244444444444,],
[0.46136,0.53864,],
[0.5406777777777779,0.4593222222222222,],
[0.4611466666666667,0.5388533333333333,],
[0.5398133333333334,0.4601866666666667,],
[0.4614822222222223,0.5385177777777778,],
[0.5381266666666666,0.4618733333333334,],
[0.4602422222222223,0.5397577777777779,],
[0.5374377777777778,0.4625622222222223,],
[0.4605444444444445,0.5394555555555557,],
[0.5391199999999999,0.4608800000000001,],
[0.4602155555555556,0.5397844444444445,],
[0.5394333333333334,0.4605666666666667,],
[0.4618355555555556,0.5381644444444444,],
[0.5390466666666667,0.4609533333333334,],
[0.4605377777777778,0.5394622222222223,],
[0.5397266666666667,0.4602733333333334,],
[0.4613822222222222,0.5386177777777779,],
[0.5402488888888889,0.4597511111111112,],
[0.4609155555555556,0.5390844444444444,],
[0.5389111111111111,0.4610888888888889,],
[0.4603555555555556,0.5396444444444445,],
[0.5386911111111112,0.4613088888888889,],
[0.4607088888888889,0.5392911111111112,],
[0.5389311111111111,0.461068888888889,],
[0.4598044444444445,0.5401955555555555,],
[0.5381533333333334,0.4618466666666667,],
[0.4609622222222223,0.5390377777777777,],
[0.5384911111111111,0.461508888888889,],
[0.4603422222222223,0.5396577777777778,],
[0.5384844444444444,0.4615155555555556,],
[0.4588177777777778,0.5411822222222222,],
[0.5382133333333333,0.4617866666666667,],
[0.4603577777777779,0.5396422222222222,],
[0.5377311111111112,0.4622688888888889,],
[0.4607066666666667,0.5392933333333334,],
[0.5391644444444444,0.4608355555555556,],
[0.4607933333333334,0.5392066666666667,],
[0.5394266666666667,0.4605733333333333,],
[0.4621177777777778,0.5378822222222223,],
[0.5395666666666667,0.4604333333333334,],
[0.4607444444444445,0.5392555555555556,],
[0.5381266666666666,0.4618733333333334,],
[0.4608177777777778,0.5391822222222222,],
[0.53788,0.46212,],
[0.4617000000000001,0.5383000000000001,],
[0.5391644444444444,0.4608355555555556,],
[0.4617244444444445,0.5382755555555556,],
[0.5389066666666666,0.4610933333333334,],
[0.4605977777777778,0.5394022222222223,],
[0.5381333333333334,0.4618666666666667,],
[0.4603977777777778,0.5396022222222222,],
[0.5395244444444446,0.4604755555555556,],
[0.4600444444444445,0.5399555555555555,],
[0.5380711111111111,0.4619288888888889,],
[0.4603977777777778,0.5396022222222222,],
[0.5390488888888888,0.4609511111111111,],
[0.4605888888888889,0.5394111111111112,],
[0.5390533333333333,0.4609466666666667,],
[0.4613066666666667,0.5386933333333334,],
[0.5401222222222223,0.4598777777777778,],
[0.4605933333333334,0.5394066666666667,],
[0.5375533333333334,0.4624466666666667,],
[0.4605644444444444,0.5394355555555557,],
[0.5387488888888888,0.4612511111111111,],
[0.4608333333333334,0.5391666666666667,],
[0.5381355555555556,0.4618644444444445,],
[0.4609422222222223,0.5390577777777777,],
[0.5389622222222222,0.4610377777777778,],
[0.4605133333333334,0.5394866666666668,],
[0.5384555555555556,0.4615444444444445,],
[0.4610755555555556,0.5389244444444444,],
[0.5378777777777778,0.4621222222222222,],
[0.4595244444444444,0.5404755555555556,],
[0.5391422222222222,0.4608577777777778,],
[0.4612711111111111,0.5387288888888889,],
[0.5400622222222222,0.4599377777777778,],
[0.4608955555555556,0.5391044444444444,],
[0.54056,0.45944,],
[0.4619088888888889,0.5380911111111111,],
[0.5394000000000001,0.4606,],
[0.4602777777777778,0.5397222222222223,],
[0.5383555555555556,0.4616444444444445,],
[0.4606466666666667,0.5393533333333334,],
[0.5385177777777778,0.4614822222222223,],
[0.4623266666666667,0.5376733333333333,],
[0.5400577777777779,0.4599422222222223,],
[0.4612777777777778,0.5387222222222223,],
[0.5395755555555557,0.4604244444444445,],
[0.4619488888888889,0.5380511111111111,],
[0.5397355555555556,0.4602644444444445,],
[0.4617711111111112,0.538228888888889,],
[0.5398911111111111,0.4601088888888889,],
[0.4630822222222222,0.5369177777777777,],
[0.5398733333333334,0.4601266666666667,],
[0.4608155555555556,0.5391844444444445,],
[0.5402688888888889,0.4597311111111111,],
[0.4615400000000001,0.53846,],
[0.5398488888888889,0.4601511111111111,],
[0.4609822222222222,0.5390177777777778,],
[0.5397622222222223,0.4602377777777778,],
[0.4615155555555556,0.5384844444444444,],
[0.5386044444444444,0.4613955555555556,],
[0.4601933333333333,0.5398066666666668,],
[0.5394222222222222,0.4605777777777778,],
[0.4612222222222223,0.5387777777777778,],
[0.5393888888888889,0.4606111111111111,],
[0.4622933333333333,0.5377066666666667,],
[0.5382044444444445,0.4617955555555556,],
[0.4608377777777778,0.5391622222222222,],
[0.5405288888888889,0.4594711111111111,],
[0.4623888888888888,0.537611111111111,],
[0.5388222222222222,0.4611777777777778,],
[0.4611977777777778,0.5388022222222222,],
[0.53966,0.4603400000000001,],
[0.46,0.54,],
[0.5379822222222221,0.4620177777777778,],
[0.4608666666666667,0.5391333333333334,],
[0.5381577777777778,0.4618422222222223,],
[0.4602066666666667,0.5397933333333335,],
[0.5390355555555555,0.4609644444444445,],
[0.4606644444444444,0.5393355555555556,],
[0.5384622222222222,0.4615377777777778,],
[0.4607666666666667,0.5392333333333333,],
[0.5405155555555556,0.4594844444444445,],
[0.4610466666666667,0.5389533333333334,],
[0.5388355555555555,0.4611644444444445,],
[0.4599155555555556,0.5400844444444445,],
[0.5396511111111112,0.460348888888889,],
[0.4603644444444445,0.5396355555555555,],
[0.5388955555555556,0.4611044444444445,],
[0.4612222222222223,0.5387777777777778,],
[0.5395444444444446,0.4604555555555556,],
[0.4619644444444445,0.5380355555555555,],
[0.5399244444444444,0.4600755555555556,],
[0.4608422222222223,0.5391577777777777,],
[0.5387844444444444,0.4612155555555556,],
[0.4609066666666667,0.5390933333333333,],
[0.5385688888888889,0.4614311111111112,],
[0.4613955555555556,0.5386044444444444,],
[0.5398155555555556,0.4601844444444445,],
[0.46096,0.53904,],
[0.53918,0.4608200000000001,],
[0.4608555555555556,0.5391444444444444,],
[0.5379822222222221,0.4620177777777778,],
[0.4606977777777778,0.5393022222222222,],
[0.5391377777777777,0.4608622222222223,],
[0.4605911111111111,0.5394088888888889,],
[0.5387511111111111,0.4612488888888889,],
[0.4619155555555556,0.5380844444444445,],
[0.5396355555555555,0.4603644444444445,],
[0.4598555555555556,0.5401444444444445,],
[0.5369466666666667,0.4630533333333333,],
[0.4594488888888889,0.5405511111111112,],
[0.5392022222222222,0.4607977777777778,],
[0.4603933333333334,0.5396066666666667,],
[0.5397844444444445,0.4602155555555556,],
[0.4615377777777778,0.5384622222222222,],
[0.5391888888888889,0.4608111111111112,],
[0.4607088888888889,0.5392911111111112,],
[0.53878,0.4612200000000001,],
[0.4609444444444445,0.5390555555555555,],
[0.5384777777777778,0.4615222222222223,],
[0.4611666666666667,0.5388333333333334,],
[0.5394333333333334,0.4605666666666667,],
[0.4611111111111111,0.5388888888888889,],
[0.5403555555555556,0.4596444444444445,],
[0.4615688888888889,0.5384311111111112,],
[0.5380688888888889,0.4619311111111112,],
[0.4595155555555556,0.5404844444444445,],
[0.5384466666666667,0.4615533333333334,],
[0.4602,0.5398000000000001,],
[0.5380177777777777,0.4619822222222222,],
[0.4606311111111112,0.5393688888888889,],
[0.54018,0.45982,],
[0.4615244444444445,0.5384755555555556,],
[0.5386311111111112,0.4613688888888889,],
[0.4611244444444444,0.5388755555555556,],
[0.5390155555555556,0.4609844444444445,],
[0.4621288888888889,0.5378711111111112,],
[0.5390488888888888,0.4609511111111111,],
[0.4614911111111112,0.5385088888888889,],
[0.53922,0.46078,],
[0.4615222222222223,0.5384777777777778,],
[0.53898,0.46102,],
[0.4608733333333334,0.5391266666666666,],
[0.5388488888888889,0.4611511111111111,],
[0.4598533333333333,0.5401466666666668,],
[0.5390488888888888,0.4609511111111111,],
[0.4609400000000001,0.53906,],
[0.5377688888888889,0.4622311111111111,],
[0.4600577777777778,0.5399422222222222,],
[0.538688888888889,0.4613111111111111,],
[0.4598555555555556,0.5401444444444445,],
[0.5386444444444445,0.4613555555555556,],
[0.4612755555555555,0.5387244444444446,],
[0.5394977777777779,0.4605022222222223,],
[0.4607533333333333,0.5392466666666667,],
[0.5392955555555556,0.4607044444444445,],
[0.4614400000000001,0.53856,],
[0.5387977777777778,0.4612022222222223,],
[0.4609155555555556,0.5390844444444444,],
[0.539051111111111,0.4609488888888889,],
[0.4615711111111112,0.538428888888889,],
[0.5396511111111112,0.460348888888889,],
[0.4611355555555556,0.5388644444444445,],
[0.5387688888888889,0.4612311111111111,],
[0.4610422222222223,0.5389577777777779,],
[0.5398577777777779,0.4601422222222222,],
[0.4629,0.5371,],
[0.5395444444444446,0.4604555555555556,],
[0.4606466666666667,0.5393533333333334,],
[0.5382133333333333,0.4617866666666667,],
[0.4607533333333333,0.5392466666666667,],
[0.5399733333333333,0.4600266666666667,],
[0.4607866666666667,0.5392133333333333,],
[0.5379688888888888,0.4620311111111111,],
[0.4599866666666667,0.5400133333333333,],
[0.5386311111111112,0.4613688888888889,],
[0.4604733333333334,0.5395266666666668,],
[0.5377088888888889,0.4622911111111111,],
[0.4595777777777778,0.5404222222222222,],
[0.5382933333333334,0.4617066666666667,],
[0.4607155555555555,0.5392844444444445,],
[0.537428888888889,0.4625711111111112,],
[0.4599400000000001,0.5400600000000001,],
[0.5385177777777778,0.4614822222222223,],
[0.4604044444444444,0.5395955555555556,],
[0.5389155555555556,0.4610844444444445,],
[0.4601244444444444,0.5398755555555556,],
[0.5380911111111111,0.4619088888888889,],
[0.4600577777777778,0.5399422222222222,],
[0.5381133333333333,0.4618866666666667,],
[0.4610444444444445,0.5389555555555556,],
[0.5384000000000001,0.4616000000000001,],
[0.4605000000000001,0.5395000000000001,],
[0.53762,0.46238,],
[0.4603711111111112,0.5396288888888889,],
[0.5385577777777778,0.4614422222222223,],
[0.4608355555555556,0.5391644444444444,],
[0.5385244444444445,0.4614755555555556,],
[0.4608733333333334,0.5391266666666666,],
[0.5398266666666668,0.4601733333333333,],
[0.4603555555555556,0.5396444444444445,],
[0.5389555555555556,0.4610444444444445,],
[0.4616644444444445,0.5383355555555557,],
[0.5386111111111112,0.461388888888889,],
[0.4602333333333334,0.5397666666666667,],
[0.5378622222222222,0.4621377777777778,],
[0.4605755555555556,0.5394244444444445,],
[0.5388311111111111,0.4611688888888889,],
[0.4603888888888889,0.5396111111111112,],
[0.5394555555555557,0.4605444444444445,],
[0.4616000000000001,0.5384000000000001,],
[0.5384555555555556,0.4615444444444445,],
[0.4607777777777778,0.5392222222222223,],
[0.5395844444444445,0.4604155555555556,],
[0.4597933333333334,0.5402066666666666,],
[0.5380222222222222,0.4619777777777778,],
[0.46016,0.5398400000000001,],
[0.5378200000000001,0.46218,],
[0.4598755555555556,0.5401244444444445,],
[0.5393955555555556,0.4606044444444445,],
[0.4621066666666667,0.5378933333333332,],
[0.5399511111111112,0.4600488888888889,],
[0.4614733333333334,0.5385266666666667,],
[0.5392977777777778,0.4607022222222222,],
[0.461,0.539,],
[0.5387933333333333,0.4612066666666667,],
[0.4618888888888889,0.5381111111111111,],
[0.53918,0.4608200000000001,],
[0.4621755555555556,0.5378244444444444,],
[0.5399444444444444,0.4600555555555556,],
[0.46,0.54,],
[0.5389422222222222,0.4610577777777778,],
[0.46044,0.5395600000000002,],
[0.5399022222222222,0.4600977777777778,],
[0.4605133333333334,0.5394866666666668,],
[0.5378577777777778,0.4621422222222222,],
[0.4596911111111112,0.5403088888888889,],
[0.5385777777777778,0.4614222222222223,],
[0.4613955555555556,0.5386044444444444,],
[0.5382822222222223,0.4617177777777778,],
[0.4597911111111112,0.5402088888888888,],
[0.5391333333333334,0.4608666666666667,],
[0.4615111111111111,0.5384888888888889,],
[0.5381755555555556,0.4618244444444445,],
[0.4601377777777778,0.5398622222222224,],
[0.538388888888889,0.4616111111111112,],
[0.4614733333333334,0.5385266666666667,],
[0.5384355555555557,0.4615644444444445,],
[0.4601155555555556,0.5398844444444444,],
[0.5386711111111112,0.4613288888888889,],
[0.4607733333333334,0.5392266666666666,],
[0.5393333333333333,0.4606666666666667,],
[0.4612111111111112,0.5387888888888889,],
[0.5387711111111111,0.4612288888888889,],
[0.4608377777777778,0.5391622222222222,],
[0.5404600000000001,0.45954,],
[0.461548888888889,0.5384511111111112,],
[0.53896,0.4610400000000001,],
[0.4613222222222222,0.5386777777777778,],
[0.5397622222222223,0.4602377777777778,],
[0.4607622222222222,0.5392377777777778,],
[0.5389311111111111,0.461068888888889,],
[0.4609422222222223,0.5390577777777777,],
[0.539348888888889,0.4606511111111112,],
[0.4610377777777778,0.5389622222222222,],
[0.5386733333333334,0.4613266666666667,],
[0.4614777777777779,0.5385222222222222,],
[0.5402088888888888,0.4597911111111112,],
[0.4628822222222223,0.5371177777777778,],
[0.5385355555555555,0.4614644444444445,],
[0.4609000000000001,0.5391,],
[0.53922,0.46078,],
[0.4610600000000001,0.5389400000000001,],
[0.5391422222222222,0.4608577777777778,],
[0.4618844444444445,0.5381155555555556,],
[0.5395555555555557,0.4604444444444445,],
[0.4619466666666667,0.5380533333333333,],
[0.5397711111111112,0.4602288888888889,],
[0.4609000000000001,0.5391,],
[0.53864,0.46136,],
[0.4611777777777778,0.5388222222222222,],
[0.5379133333333332,0.4620866666666666,],
[0.461068888888889,0.5389311111111111,],
[0.5401866666666666,0.4598133333333334,],
[0.4621511111111111,0.5378488888888889,],
[0.5390933333333333,0.4609066666666667,],
[0.4613111111111111,0.538688888888889,],
[0.5388088888888889,0.4611911111111112,],
[0.4605288888888889,0.5394711111111112,],
[0.5389222222222223,0.4610777777777779,],
[0.4616133333333334,0.5383866666666668,],
[0.5389777777777778,0.4610222222222223,],
[0.4614733333333334,0.5385266666666667,],
[0.5393511111111111,0.4606488888888889,],
[0.4619133333333334,0.5380866666666667,],
[0.5382377777777778,0.4617622222222223,],
[0.4599222222222223,0.5400777777777779,],
[0.5383822222222223,0.4616177777777778,],
[0.46062,0.5393800000000001,],
[0.5389200000000001,0.46108,],
[0.4611355555555556,0.5388644444444445,],
[0.5390844444444444,0.4609155555555556,],
[0.4597111111111111,0.5402888888888889,],
[0.5381422222222222,0.4618577777777778,],
[0.4608,0.5392,],
[0.5394800000000001,0.46052,],
[0.4626644444444444,0.5373355555555556,],
[0.5397733333333334,0.4602266666666667,],
[0.4607177777777778,0.5392822222222222,],
[0.5387444444444445,0.4612555555555556,],
[0.4601333333333333,0.5398666666666667,],
[0.53868,0.46132,],
[0.4606311111111112,0.5393688888888889,],
[0.5393600000000001,0.46064,],
[0.4615022222222223,0.5384977777777777,],
[0.5388577777777778,0.4611422222222222,],
[0.46158,0.5384200000000001,],
[0.53896,0.4610400000000001,],
[0.4609755555555556,0.5390244444444444,],
[0.53908,0.4609200000000001,],
[0.4618955555555556,0.5381044444444445,],
[0.5394311111111112,0.4605688888888889,],
[0.4608755555555556,0.5391244444444444,],
[0.5402511111111111,0.4597488888888889,],
[0.4615666666666667,0.5384333333333334,],
[0.5393244444444445,0.4606755555555556,],
[0.4611533333333334,0.5388466666666667,],
[0.5399266666666667,0.4600733333333334,],
[0.4609955555555556,0.5390044444444445,],
[0.5398044444444445,0.4601955555555556,],
[0.4611688888888889,0.5388311111111111,],
[0.5391133333333333,0.4608866666666667,],
[0.4606311111111112,0.5393688888888889,],
[0.5396577777777778,0.4603422222222223,],
[0.4600288888888889,0.5399711111111112,],
[0.5381155555555556,0.4618844444444445,],
[0.4609200000000001,0.53908,],
[0.5385177777777778,0.4614822222222223,],
[0.4614,0.5386000000000001,],
[0.5392555555555556,0.4607444444444445,],
[0.4601444444444445,0.5398555555555556,],
[0.5389022222222223,0.4610977777777778,],
[0.4606644444444444,0.5393355555555556,],
[0.5395311111111112,0.4604688888888889,],
[0.4613244444444445,0.5386755555555556,],
[0.5385644444444445,0.4614355555555556,],
[0.4602822222222223,0.5397177777777779,],
[0.5394666666666668,0.4605333333333334,],
[0.4612000000000001,0.5387999999999999,],
[0.5377022222222222,0.4622977777777778,],
[0.4611577777777778,0.5388422222222222,],
[0.5390066666666667,0.4609933333333334,],
[0.4615311111111112,0.5384688888888889,],
[0.5379244444444444,0.4620755555555556,],
[0.4603333333333334,0.5396666666666667,],
[0.5390933333333333,0.4609066666666667,],
[0.46044,0.5395600000000002,],
[0.5391511111111111,0.4608488888888889,],
[0.4623822222222222,0.5376177777777778,],
[0.5398511111111112,0.4601488888888889,],
[0.4611066666666667,0.5388933333333333,],
[0.5375911111111111,0.4624088888888889,],
[0.4616711111111111,0.538328888888889,],
[0.5408488888888889,0.4591511111111111,],
[0.4616555555555556,0.5383444444444445,],
[0.5397111111111111,0.4602888888888889,],
[0.4618622222222222,0.5381377777777778,],
[0.5398466666666668,0.4601533333333334,],
[0.4617311111111111,0.5382688888888889,],
[0.5394133333333334,0.4605866666666667,],
[0.4592933333333333,0.5407066666666668,],
[0.5384711111111111,0.4615288888888889,],
[0.4611333333333333,0.5388666666666667,],
[0.5383911111111112,0.461608888888889,],
[0.4595911111111111,0.5404088888888889,],
[0.5394511111111112,0.4605488888888889,],
[0.4610622222222223,0.5389377777777778,],
[0.5390533333333333,0.4609466666666667,],
[0.4623733333333333,0.5376266666666666,],
[0.5387555555555555,0.4612444444444445,],
[0.461068888888889,0.5389311111111111,],
[0.5388488888888889,0.4611511111111111,],
[0.4610444444444445,0.5389555555555556,],
[0.5394133333333334,0.4605866666666667,],
[0.4605822222222222,0.5394177777777779,],
[0.5378444444444445,0.4621555555555555,],
[0.4608733333333334,0.5391266666666666,],
[0.5396377777777778,0.4603622222222223,],
[0.4605577777777778,0.5394422222222223,],
[0.5389355555555556,0.4610644444444445,],
[0.4611244444444444,0.5388755555555556,],
[0.53874,0.46126,],
[0.4603133333333334,0.5396866666666668,],
[0.5385666666666667,0.4614333333333334,],
[0.46076,0.5392400000000001,],
[0.5394933333333334,0.4605066666666667,],
[0.46018,0.5398200000000001,],
[0.5400333333333334,0.4599666666666667,],
[0.4628822222222223,0.5371177777777778,],
[0.5409044444444445,0.4590955555555556,],
[0.4618511111111112,0.5381488888888889,],
[0.5394111111111112,0.4605888888888889,],
[0.4610133333333334,0.5389866666666667,],
[0.5374244444444445,0.4625755555555556,],
[0.4603844444444445,0.5396155555555556,],
[0.5391266666666666,0.4608733333333334,],
[0.4605777777777778,0.5394222222222222,],
[0.5391177777777778,0.4608822222222223,],
[0.4601311111111111,0.539868888888889,],
[0.5382822222222223,0.4617177777777778,],
[0.4603022222222223,0.5396977777777778,],
[0.5386155555555556,0.4613844444444445,],
[0.4607133333333334,0.5392866666666667,],
[0.5393422222222223,0.4606577777777778,],
[0.4608266666666667,0.5391733333333333,],
[0.5384644444444444,0.4615355555555556,],
[0.4608,0.5392,],
[0.5403466666666666,0.4596533333333334,],
[0.4617911111111112,0.538208888888889,],
[0.5389911111111112,0.4610088888888889,],
[0.461468888888889,0.5385311111111112,],
[0.5386933333333334,0.4613066666666667,],
[0.4605911111111111,0.5394088888888889,],
[0.5401622222222222,0.4598377777777778,],
[0.4616844444444445,0.5383155555555557,],
[0.5392533333333334,0.4607466666666667,],
[0.4606977777777778,0.5393022222222222,],
[0.5386622222222223,0.4613377777777778,],
[0.4601022222222222,0.5398977777777778,],
[0.5387066666666668,0.4612933333333333,],
[0.4597644444444445,0.5402355555555556,],
[0.5397066666666667,0.4602933333333334,],
[0.4616444444444445,0.5383555555555556,],
[0.5387266666666668,0.4612733333333334,],
[0.4620533333333334,0.5379466666666666,],
[0.5391933333333333,0.4608066666666667,],
[0.4614133333333334,0.5385866666666667,],
[0.5390377777777777,0.4609622222222223,],
[0.46076,0.5392400000000001,],
[0.538328888888889,0.4616711111111111,],
[0.4598488888888889,0.5401511111111111,],
[0.5373133333333334,0.4626866666666667,],
[0.4610022222222223,0.5389977777777778,],
[0.5385711111111111,0.4614288888888889,],
[0.4608333333333334,0.5391666666666667,],
[0.5381577777777778,0.4618422222222223,],
[0.4613822222222222,0.5386177777777779,],
[0.5406600000000001,0.45934,],
[0.4610133333333334,0.5389866666666667,],
[0.5389933333333334,0.4610066666666667,],
[0.4605177777777778,0.5394822222222223,],
[0.5392155555555556,0.4607844444444445,],
[0.4608422222222223,0.5391577777777777,],
[0.5399488888888889,0.4600511111111111,],
[0.4616488888888889,0.5383511111111112,],
[0.5387777777777778,0.4612222222222223,],
[0.4609377777777778,0.5390622222222222,],
[0.5382488888888889,0.4617511111111112,],
[0.4601111111111111,0.5398888888888889,],
[0.5391933333333333,0.4608066666666667,],
[0.4623933333333333,0.5376066666666667,],
[0.5400333333333334,0.4599666666666667,],
[0.4614822222222223,0.5385177777777778,],
[0.53934,0.46066,],
[0.4618333333333334,0.5381666666666667,],
[0.5388844444444445,0.4611155555555556,],
[0.4605533333333334,0.5394466666666667,],
[0.5392422222222223,0.4607577777777778,],
[0.4616577777777778,0.5383422222222223,],
[0.5391044444444444,0.4608955555555556,],
[0.4610088888888889,0.5389911111111112,],
[0.5386666666666667,0.4613333333333334,],
[0.4614711111111112,0.5385288888888889,],
[0.5388488888888889,0.4611511111111111,],
[0.4598355555555556,0.5401644444444444,],
[0.5394311111111112,0.4605688888888889,],
[0.46068,0.53932,],
[0.5391,0.4609000000000001,],
[0.4599955555555555,0.5400044444444445,],
[0.5385355555555555,0.4614644444444445,],
[0.4597977777777779,0.5402022222222223,],
[0.5393,0.4607,],
[0.4610711111111112,0.5389288888888889,],
[0.54042,0.45958,],
[0.4620488888888889,0.537951111111111,],
[0.5390844444444444,0.4609155555555556,],
[0.4600866666666667,0.5399133333333334,],
[0.53854,0.4614600000000001,],
[0.46018,0.5398200000000001,],
[0.5390933333333333,0.4609066666666667,],
[0.4616311111111112,0.538368888888889,],
[0.5376555555555556,0.4623444444444444,],
[0.45982,0.54018,],
[0.5393777777777778,0.4606222222222223,],
[0.46182,0.53818,],
[0.538368888888889,0.4616311111111112,],
[0.4613311111111111,0.538668888888889,],
[0.539051111111111,0.4609488888888889,],
[0.4627088888888889,0.5372911111111112,],
[0.5395577777777779,0.4604422222222223,],
[0.4611511111111111,0.5388488888888889,],
[0.5390177777777778,0.4609822222222222,],
[0.4604888888888889,0.5395111111111112,],
[0.5386622222222223,0.4613377777777778,],
[0.4598466666666667,0.5401533333333334,],
[0.5397488888888889,0.4602511111111112,],
[0.460828888888889,0.5391711111111112,],
[0.5394044444444445,0.4605955555555556,],
[0.46252,0.5374800000000001,],
[0.5392133333333333,0.4607866666666667,],
[0.4607377777777778,0.5392622222222222,],
[0.5381088888888889,0.4618911111111111,],
[0.4612711111111111,0.5387288888888889,],
[0.5396333333333334,0.4603666666666668,],
[0.4625066666666667,0.5374933333333334,],
[0.5400555555555556,0.4599444444444445,],
[0.4604844444444445,0.5395155555555556,],
[0.5389622222222222,0.4610377777777778,],
[0.4598466666666667,0.5401533333333334,],
[0.5385622222222223,0.4614377777777778,],
[0.4608933333333334,0.5391066666666666,],
[0.5381311111111111,0.4618688888888889,],
[0.4602155555555556,0.5397844444444445,],
[0.5385244444444445,0.4614755555555556,],
[0.4611866666666667,0.5388133333333334,],
[0.5378666666666667,0.4621333333333333,],
[0.4598977777777778,0.5401022222222223,],
[0.5389,0.4611,],
[0.4609400000000001,0.53906,],
[0.5385022222222222,0.4614977777777778,],
[0.4609622222222223,0.5390377777777777,],
[0.5395177777777779,0.4604822222222223,],
[0.4616977777777778,0.5383022222222222,],
[0.5390822222222222,0.4609177777777779,],
[0.4622244444444444,0.5377755555555556,],
[0.5395711111111112,0.4604288888888889,],
[0.46242,0.5375800000000001,],
[0.5405400000000001,0.45946,],
[0.4612266666666667,0.5387733333333333,],
[0.5385866666666667,0.4614133333333334,],
[0.4606422222222223,0.5393577777777778,],
[0.5378266666666667,0.4621733333333333,],
[0.4605066666666667,0.5394933333333334,],
[0.5392577777777778,0.4607422222222222,],
[0.4598244444444445,0.5401755555555555,],
[0.53934,0.46066,],
[0.4614177777777778,0.5385822222222223,],
[0.5378111111111111,0.4621888888888889,],
[0.4603422222222223,0.5396577777777778,],
[0.5392133333333333,0.4607866666666667,],
[0.46132,0.53868,],
[0.54026,0.45974,],
[0.4610088888888889,0.5389911111111112,],
[0.5385088888888889,0.4614911111111112,],
[0.4615444444444445,0.5384555555555556,],
[0.5379377777777777,0.4620622222222223,],
[0.4607511111111111,0.5392488888888889,],
[0.5380022222222222,0.4619977777777778,],
[0.4614822222222223,0.5385177777777778,],
[0.5380911111111111,0.4619088888888889,],
[0.4610155555555556,0.5389844444444445,],
[0.5380444444444444,0.4619555555555556,],
[0.4614600000000001,0.53854,],
[0.5404577777777778,0.4595422222222222,],
[0.4627866666666667,0.5372133333333334,],
[0.5387999999999999,0.4612000000000001,],
[0.4606266666666667,0.5393733333333334,],
[0.5385266666666667,0.4614733333333334,],
[0.4601311111111111,0.539868888888889,],
[0.5385733333333333,0.4614266666666667,],
[0.4600355555555556,0.5399644444444445,],
[0.5387844444444444,0.4612155555555556,],
[0.4608622222222223,0.5391377777777777,],
[0.5380333333333334,0.4619666666666667,],
[0.4597155555555556,0.5402844444444445,],
[0.5394133333333334,0.4605866666666667,],
[0.4607888888888889,0.5392111111111111,],
[0.5385266666666667,0.4614733333333334,],
[0.4610244444444445,0.5389755555555557,],
[0.5389022222222223,0.4610977777777778,],
[0.4607488888888889,0.5392511111111111,],
[0.5397288888888889,0.4602711111111111,],
[0.4617488888888889,0.5382511111111111,],
[0.5399533333333334,0.4600466666666667,],
[0.4616000000000001,0.5384000000000001,],
[0.5387622222222223,0.4612377777777778,],
[0.4599955555555555,0.5400044444444445,],
[0.5394222222222222,0.4605777777777778,],
[0.4617044444444445,0.5382955555555556,],
[0.5410622222222222,0.4589377777777778,],
[0.4620733333333334,0.5379266666666667,],
[0.5384511111111112,0.461548888888889,],
[0.4608733333333334,0.5391266666666666,],
[0.5382577777777778,0.4617422222222223,],
[0.4604488888888889,0.5395511111111112,],
[0.5387844444444444,0.4612155555555556,],
[0.4612955555555556,0.5387044444444445,],
[0.539,0.461,],
[0.4604711111111112,0.5395288888888889,],
[0.5383577777777778,0.4616422222222223,],
[0.4606155555555556,0.5393844444444446,],
[0.5389288888888889,0.4610711111111112,],
[0.4614377777777778,0.5385622222222223,],
[0.53852,0.4614800000000001,],
[0.4605288888888889,0.5394711111111112,],
[0.5385466666666667,0.4614533333333334,],
[0.4601044444444444,0.5398955555555556,],
[0.5390577777777777,0.4609422222222223,],
[0.4609000000000001,0.5391,],
[0.5384444444444445,0.4615555555555556,],
[0.4614311111111112,0.5385688888888889,],
[0.5400933333333334,0.4599066666666667,],
[0.4608266666666667,0.5391733333333333,],
[0.5384666666666666,0.4615333333333334,],
[0.4609022222222223,0.5390977777777778,],
[0.5381533333333334,0.4618466666666667,],
[0.4607888888888889,0.5392111111111111,],
[0.5391244444444444,0.4608755555555556,],
[0.4616533333333334,0.5383466666666668,],
[0.5398844444444444,0.4601155555555556,],
[0.4628577777777778,0.5371422222222223,],
[0.539568888888889,0.4604311111111111,],
[0.4608422222222223,0.5391577777777777,],
[0.538708888888889,0.4612911111111112,],
[0.4608911111111112,0.5391088888888889,],
[0.5383777777777778,0.4616222222222223,],
[0.4602111111111111,0.539788888888889,],
[0.53846,0.4615400000000001,],
[0.4611222222222223,0.5388777777777778,],
[0.5381155555555556,0.4618844444444445,],
[0.46038,0.53962,],
[0.5401,0.4599,],
[0.4611022222222222,0.5388977777777778,],
[0.5376066666666667,0.4623933333333333,],
[0.4607733333333334,0.5392266666666666,],
[0.539348888888889,0.4606511111111112,],
[0.4619311111111112,0.5380688888888889,],
[0.53886,0.46114,],
[0.4604288888888889,0.5395711111111112,],
[0.539328888888889,0.4606711111111111,],
[0.4611444444444445,0.5388555555555555,],
[0.5386711111111112,0.4613288888888889,],
[0.4607733333333334,0.5392266666666666,],
[0.5379755555555555,0.4620244444444445,],
[0.4599955555555555,0.5400044444444445,],
[0.5389755555555557,0.4610244444444445,],
[0.4612488888888889,0.5387511111111111,],
[0.5395333333333334,0.4604666666666667,],
[0.4606422222222223,0.5393577777777778,],
[0.5394511111111112,0.4605488888888889,],
[0.45964,0.5403600000000001,],
[0.5380444444444444,0.4619555555555556,],
[0.4590022222222222,0.5409977777777779,],
[0.5384422222222224,0.4615577777777778,],
[0.4610377777777778,0.5389622222222222,],
[0.5389200000000001,0.46108,],
[0.4610711111111112,0.5389288888888889,],
[0.5403911111111112,0.4596088888888889,],
[0.4611044444444445,0.5388955555555556,],
[0.5383066666666667,0.4616933333333333,],
[0.4610733333333334,0.5389266666666667,],
[0.5407266666666668,0.4592733333333334,],
[0.4613022222222222,0.5386977777777778,],
[0.53976,0.46024,],
[0.4627355555555556,0.5372644444444445,],
[0.5390355555555555,0.4609644444444445,],
[0.4600533333333334,0.5399466666666667,],
[0.5393822222222223,0.4606177777777778,],
[0.4612688888888889,0.5387311111111112,],
[0.5388822222222223,0.4611177777777778,],
[0.4611533333333334,0.5388466666666667,],
[0.5371644444444444,0.4628355555555556,],
[0.4598777777777778,0.5401222222222223,],
[0.5376355555555555,0.4623644444444444,],
[0.4606088888888889,0.5393911111111112,],
[0.5390200000000001,0.4609800000000001,],
[0.4604066666666667,0.5395933333333334,],
[0.5393977777777779,0.4606022222222222,],
[0.4609200000000001,0.53908,],
[0.5390111111111112,0.4609888888888889,],
[0.46064,0.5393600000000001,],
[0.5384111111111112,0.4615888888888889,],
[0.4616511111111112,0.538348888888889,],
[0.5391333333333334,0.4608666666666667,],
[0.4604466666666667,0.5395533333333334,],
[0.5385377777777778,0.4614622222222223,],
[0.4603133333333334,0.5396866666666668,],
[0.5384266666666667,0.4615733333333334,],
[0.4608088888888889,0.5391911111111111,],
[0.5387133333333334,0.4612866666666667,],
[0.4616666666666667,0.5383333333333334,],
[0.5382711111111111,0.4617288888888889,],
[0.4607911111111112,0.5392088888888888,],
[0.5384066666666668,0.4615933333333334,],
[0.4608333333333334,0.5391666666666667,],
[0.5390266666666667,0.4609733333333333,],
[0.46064,0.5393600000000001,],
[0.5383577777777778,0.4616422222222223,],
[0.4594333333333334,0.5405666666666668,],
[0.5372577777777778,0.4627422222222222,],
[0.4609955555555556,0.5390044444444445,],
[0.5386866666666668,0.4613133333333334,],
[0.4614955555555557,0.5385044444444445,],
[0.5389955555555556,0.4610044444444445,],
[0.4616000000000001,0.5384000000000001,],
[0.5384777777777778,0.4615222222222223,],
[0.4611177777777778,0.5388822222222223,],
[0.5383266666666667,0.4616733333333334,],
[0.4606533333333334,0.5393466666666668,],
[0.5381400000000001,0.46186,],
[0.4610244444444445,0.5389755555555557,],
[0.5387177777777779,0.4612822222222223,],
[0.4596666666666667,0.5403333333333333,],
[0.5380422222222222,0.4619577777777778,],
[0.4600311111111111,0.5399688888888889,],
[0.5395177777777779,0.4604822222222223,],
[0.4597022222222222,0.5402977777777778,],
[0.5382133333333333,0.4617866666666667,],
[0.4623777777777777,0.5376222222222222,],
[0.5409266666666668,0.4590733333333333,],
[0.4616844444444445,0.5383155555555557,],
[0.5400111111111111,0.4599888888888889,],
[0.4614111111111112,0.5385888888888889,],
[0.5384400000000001,0.46156,],
[0.4608911111111112,0.5391088888888889,],
[0.5385777777777778,0.4614222222222223,],
[0.4606977777777778,0.5393022222222222,],
[0.5394022222222223,0.4605977777777778,],
[0.46126,0.53874,],
[0.5396088888888889,0.4603911111111111,],
[0.4613711111111112,0.5386288888888889,],
[0.5382733333333334,0.4617266666666667,],
[0.4592688888888889,0.5407311111111112,],
[0.5388244444444444,0.4611755555555556,],
[0.4613177777777778,0.5386822222222223,],
[0.5386088888888889,0.4613911111111111,],
[0.4599577777777778,0.5400422222222223,],
[0.5385822222222223,0.4614177777777778,],
[0.4601644444444444,0.5398355555555556,],
[0.538648888888889,0.4613511111111112,],
[0.4601533333333334,0.5398466666666668,],
[0.5393111111111112,0.4606888888888889,],
[0.4612911111111112,0.538708888888889,],
[0.538688888888889,0.4613111111111111,],
[0.4600333333333333,0.5399666666666667,],
[0.5373377777777778,0.4626622222222222,],
[0.4603222222222223,0.5396777777777778,],
[0.5390755555555555,0.4609244444444445,],
[0.4609133333333334,0.5390866666666666,],
[0.5384311111111112,0.4615688888888889,],
[0.4609022222222223,0.5390977777777778,],
[0.5389311111111111,0.461068888888889,],
[0.46188,0.53812,],
[0.5395200000000001,0.4604800000000001,],
[0.4619844444444445,0.5380155555555556,],
[0.5395133333333334,0.4604866666666667,],
[0.46246,0.53754,],
[0.5380822222222222,0.4619177777777778,],
[0.4599355555555556,0.5400644444444445,],
[0.5387288888888889,0.4612711111111111,],
[0.4610355555555556,0.5389644444444445,],
[0.538388888888889,0.4616111111111112,],
[0.4616888888888889,0.5383111111111112,],
[0.5384355555555557,0.4615644444444445,],
[0.4589711111111111,0.5410288888888889,],
[0.5389488888888889,0.4610511111111112,],
[0.4607622222222222,0.5392377777777778,],
[0.5394000000000001,0.4606,],
[0.4605288888888889,0.5394711111111112,],
[0.5384222222222224,0.4615777777777778,],
[0.4615555555555556,0.5384444444444445,],
[0.53966,0.4603400000000001,],
[0.4623733333333333,0.5376266666666666,],
[0.5387911111111111,0.4612088888888889,],
[0.4596911111111112,0.5403088888888889,],
[0.5380844444444445,0.4619155555555556,],
[0.4601755555555556,0.5398244444444446,],
[0.5376088888888888,0.4623911111111111,],
[0.4598844444444445,0.5401155555555556,],
[0.5387555555555555,0.4612444444444445,],
[0.4601911111111111,0.539808888888889,],
[0.5398577777777779,0.4601422222222222,],
];;
