nc_marginals := [
[0.4628022222222222,0.5371977777777779,],
[0.5408755555555557,0.4591244444444444,],
[0.4628888888888889,0.5371111111111111,],
[0.5410844444444445,0.4589155555555556,],
[0.4627266666666667,0.5372733333333334,],
[0.5409377777777779,0.4590622222222222,],
[0.4627333333333333,0.5372666666666668,],
[0.5418955555555555,0.4581044444444444,],
[0.4647511111111111,0.5352488888888889,],
[0.5414844444444444,0.4585155555555556,],
[0.4627555555555556,0.5372444444444445,],
[0.54074,0.45926,],
[0.4639377777777778,0.5360622222222222,],
[0.5409600000000001,0.45904,],
[0.4633555555555556,0.5366444444444445,],
[0.5418422222222222,0.4581577777777778,],
[0.4638555555555556,0.5361444444444445,],
[0.5417,0.4583,],
[0.4628977777777778,0.5371022222222223,],
[0.5408644444444445,0.4591355555555556,],
[0.4635066666666666,0.5364933333333333,],
[0.5413533333333334,0.4586466666666667,],
[0.4645755555555556,0.5354244444444444,],
[0.5419133333333332,0.4580866666666667,],
[0.4638222222222222,0.5361777777777778,],
[0.5416444444444444,0.4583555555555556,],
[0.46384,0.5361600000000001,],
[0.5412600000000001,0.45874,],
[0.46344,0.5365599999999999,],
[0.5405755555555557,0.4594244444444445,],
[0.4636,0.5364,],
[0.5398400000000001,0.46016,],
[0.4630133333333333,0.5369866666666666,],
[0.540988888888889,0.4590111111111111,],
[0.4633644444444444,0.5366355555555555,],
[0.5398755555555556,0.4601244444444444,],
[0.4642844444444445,0.5357155555555555,],
[0.5407822222222223,0.4592177777777778,],
[0.4628755555555555,0.5371244444444445,],
[0.5411244444444445,0.4588755555555555,],
[0.4648311111111111,0.5351688888888889,],
[0.5409,0.4591,],
[0.4631822222222223,0.5368177777777777,],
[0.5421822222222221,0.4578177777777777,],
[0.4635844444444445,0.5364155555555556,],
[0.5395333333333334,0.4604666666666667,],
[0.4626111111111111,0.5373888888888889,],
[0.5408022222222223,0.4591977777777778,],
[0.4642933333333334,0.5357066666666666,],
[0.54112,0.45888,],
[0.4642222222222223,0.5357777777777777,],
[0.5421799999999999,0.4578199999999999,],
[0.4628022222222222,0.5371977777777779,],
[0.5398022222222223,0.4601977777777778,],
[0.4632688888888889,0.5367311111111112,],
[0.5415222222222222,0.4584777777777778,],
[0.4635644444444444,0.5364355555555556,],
[0.5414,0.4586,],
[0.4635555555555556,0.5364444444444445,],
[0.5409955555555557,0.4590044444444444,],
[0.4636333333333333,0.5363666666666667,],
[0.5423244444444444,0.4576755555555555,],
[0.4633555555555556,0.5366444444444445,],
[0.5413355555555556,0.4586644444444445,],
[0.4640066666666667,0.5359933333333333,],
[0.5405822222222223,0.4594177777777778,],
[0.4635044444444444,0.5364955555555555,],
[0.5411,0.4589,],
[0.4640377777777778,0.5359622222222222,],
[0.5400244444444445,0.4599755555555556,],
[0.4629777777777778,0.5370222222222222,],
[0.5399422222222222,0.4600577777777778,],
[0.4626133333333334,0.5373866666666667,],
[0.5415044444444445,0.4584955555555555,],
[0.4632933333333333,0.5367066666666667,],
[0.5410333333333334,0.4589666666666666,],
[0.4633577777777778,0.5366422222222222,],
[0.5410644444444445,0.4589355555555556,],
[0.4648044444444445,0.5351955555555555,],
[0.5415711111111112,0.4584288888888889,],
[0.4629222222222222,0.5370777777777778,],
[0.5412622222222223,0.4587377777777778,],
[0.4637377777777778,0.5362622222222222,],
[0.5411644444444444,0.4588355555555556,],
[0.4636577777777778,0.5363422222222223,],
[0.54018,0.45982,],
[0.4628488888888889,0.5371511111111111,],
[0.5418999999999999,0.4581,],
[0.4632266666666667,0.5367733333333332,],
[0.540868888888889,0.4591311111111112,],
[0.4629088888888889,0.5370911111111112,],
[0.5391422222222222,0.4608577777777778,],
[0.4625488888888889,0.5374511111111111,],
[0.5415288888888889,0.4584711111111111,],
[0.4630577777777778,0.5369422222222222,],
[0.5409622222222223,0.4590377777777778,],
[0.4635488888888889,0.5364511111111112,],
[0.54026,0.45974,],
[0.4633244444444445,0.5366755555555556,],
[0.5408666666666667,0.4591333333333333,],
[0.4635022222222222,0.5364977777777777,],
[0.5402977777777778,0.4597022222222222,],
[0.4629577777777777,0.5370422222222222,],
[0.5412955555555556,0.4587044444444445,],
[0.4627177777777778,0.5372822222222223,],
[0.5410200000000001,0.45898,],
[0.4624533333333333,0.5375466666666667,],
[0.5410177777777778,0.4589822222222222,],
[0.4648977777777779,0.5351022222222221,],
[0.5421177777777778,0.4578822222222222,],
[0.4638555555555556,0.5361444444444445,],
[0.5410555555555556,0.4589444444444445,],
[0.46302,0.53698,],
[0.5405977777777778,0.4594022222222222,],
[0.4635644444444444,0.5364355555555556,],
[0.5418666666666666,0.4581333333333333,],
[0.4633755555555555,0.5366244444444445,],
[0.5409200000000001,0.45908,],
[0.46298,0.5370200000000001,],
[0.5407933333333333,0.4592066666666667,],
[0.4630955555555556,0.5369044444444444,],
[0.5412888888888889,0.4587111111111111,],
[0.4647622222222222,0.5352377777777778,],
[0.5414444444444445,0.4585555555555555,],
[0.46256,0.53744,],
[0.5400844444444445,0.4599155555555556,],
[0.4629488888888889,0.5370511111111111,],
[0.5408244444444446,0.4591755555555556,],
[0.4629444444444444,0.5370555555555556,],
[0.5405377777777779,0.4594622222222222,],
[0.4607422222222222,0.5392577777777778,],
[0.5408177777777778,0.4591822222222223,],
[0.4630644444444444,0.5369355555555555,],
[0.5403355555555556,0.4596644444444445,],
[0.4624066666666666,0.5375933333333334,],
[0.5405777777777778,0.4594222222222222,],
[0.4628733333333334,0.5371266666666668,],
[0.5404155555555556,0.4595844444444445,],
[0.4644533333333334,0.5355466666666666,],
[0.5411,0.4589,],
[0.4649044444444445,0.5350955555555555,],
[0.5433844444444444,0.4566155555555556,],
[0.4636933333333333,0.5363066666666667,],
[0.5423444444444444,0.4576555555555556,],
[0.4631333333333333,0.5368666666666666,],
[0.5406977777777779,0.4593022222222222,],
[0.4628777777777778,0.5371222222222223,],
[0.5403066666666667,0.4596933333333333,],
[0.4636355555555556,0.5363644444444444,],
[0.5413066666666666,0.4586933333333333,],
[0.4635866666666666,0.5364133333333334,],
[0.5416622222222222,0.4583377777777778,],
[0.4637022222222222,0.5362977777777778,],
[0.5419622222222222,0.4580377777777778,],
[0.4648422222222223,0.5351577777777777,],
[0.5416266666666666,0.4583733333333334,],
[0.4649044444444445,0.5350955555555555,],
[0.5407577777777778,0.4592422222222222,],
[0.4637111111111111,0.5362888888888889,],
[0.5411155555555556,0.4588844444444444,],
[0.4629,0.5371,],
[0.5410333333333334,0.4589666666666666,],
[0.4633866666666667,0.5366133333333333,],
[0.5400088888888889,0.4599911111111111,],
[0.4630422222222222,0.5369577777777778,],
[0.5412977777777778,0.4587022222222222,],
[0.4631688888888889,0.536831111111111,],
[0.541208888888889,0.4587911111111111,],
[0.4632377777777778,0.5367622222222221,],
[0.5409111111111112,0.4590888888888889,],
[0.4636644444444445,0.5363355555555556,],
[0.5408088888888889,0.4591911111111112,],
[0.4638911111111111,0.536108888888889,],
[0.5419266666666667,0.4580733333333334,],
[0.4635288888888889,0.536471111111111,],
[0.5402688888888889,0.4597311111111111,],
[0.4627577777777778,0.5372422222222223,],
[0.5403333333333333,0.4596666666666667,],
[0.4633911111111111,0.5366088888888889,],
[0.5406600000000001,0.45934,],
[0.46404,0.53596,],
[0.5432644444444444,0.4567355555555556,],
[0.4641955555555556,0.5358044444444444,],
[0.5413488888888889,0.4586511111111112,],
[0.4642288888888889,0.5357711111111111,],
[0.5419999999999999,0.458,],
[0.4637222222222223,0.5362777777777777,],
[0.5413133333333333,0.4586866666666667,],
[0.4633466666666667,0.5366533333333333,],
[0.5406755555555557,0.4593244444444445,],
[0.4636133333333333,0.5363866666666667,],
[0.5413688888888889,0.4586311111111112,],
[0.4633,0.5367000000000001,],
[0.5414600000000001,0.45854,],
[0.4635666666666667,0.5364333333333334,],
[0.5416044444444444,0.4583955555555555,],
[0.46438,0.5356199999999999,],
[0.5421999999999999,0.4578,],
[0.4635933333333334,0.5364066666666667,],
[0.5407133333333335,0.4592866666666667,],
[0.4650977777777778,0.5349022222222223,],
[0.541568888888889,0.4584311111111111,],
[0.4628266666666667,0.5371733333333334,],
[0.54088,0.45912,],
[0.4642377777777778,0.5357622222222221,],
[0.5408088888888889,0.4591911111111112,],
[0.4630333333333334,0.5369666666666667,],
[0.5417,0.4583,],
[0.4636044444444444,0.5363955555555556,],
[0.5415777777777778,0.4584222222222222,],
[0.4632488888888889,0.5367511111111111,],
[0.5420177777777777,0.4579822222222222,],
[0.4642333333333334,0.5357666666666666,],
[0.5405755555555557,0.4594244444444445,],
[0.4634311111111111,0.5365688888888889,],
[0.5402711111111111,0.4597288888888889,],
[0.4629866666666667,0.5370133333333333,],
[0.5401533333333334,0.4598466666666667,],
[0.4630888888888889,0.5369111111111111,],
[0.5404022222222222,0.4595977777777778,],
[0.4633733333333333,0.5366266666666667,],
[0.54156,0.45844,],
[0.4643911111111111,0.5356088888888888,],
[0.5407133333333335,0.4592866666666667,],
[0.4633666666666666,0.5366333333333333,],
[0.5423466666666666,0.4576533333333334,],
[0.4636933333333333,0.5363066666666667,],
[0.5403666666666667,0.4596333333333333,],
[0.4644800000000001,0.53552,],
[0.5415266666666667,0.4584733333333333,],
[0.4636244444444445,0.5363755555555556,],
[0.5402577777777777,0.4597422222222223,],
[0.4644955555555556,0.5355044444444444,],
[0.5410311111111111,0.4589688888888889,],
[0.4637288888888889,0.5362711111111111,],
[0.5396777777777778,0.4603222222222223,],
[0.4634911111111111,0.5365088888888888,],
[0.5412066666666667,0.4587933333333334,],
[0.4634155555555556,0.5365844444444444,],
[0.5408555555555556,0.4591444444444445,],
[0.4628355555555556,0.5371644444444444,],
[0.5422644444444444,0.4577355555555556,],
[0.4652888888888889,0.534711111111111,],
[0.5417044444444444,0.4582955555555556,],
[0.4645688888888889,0.5354311111111111,],
[0.542271111111111,0.4577288888888889,],
[0.4643133333333334,0.5356866666666666,],
[0.5406466666666668,0.4593533333333334,],
[0.4625866666666667,0.5374133333333333,],
[0.5417666666666667,0.4582333333333334,],
[0.4628844444444444,0.5371155555555556,],
[0.5416911111111111,0.4583088888888889,],
[0.4637733333333334,0.5362266666666666,],
[0.5425399999999999,0.45746,],
[0.4623066666666666,0.5376933333333334,],
[0.5403288888888889,0.4596711111111111,],
[0.4641777777777778,0.5358222222222222,],
[0.5414444444444445,0.4585555555555555,],
[0.4635755555555556,0.5364244444444445,],
[0.5408288888888889,0.4591711111111111,],
[0.4641666666666667,0.5358333333333333,],
[0.5412333333333335,0.4587666666666667,],
[0.4644777777777778,0.5355222222222222,],
[0.5419466666666666,0.4580533333333334,],
[0.46424,0.5357599999999999,],
[0.5419755555555555,0.4580244444444445,],
[0.4638111111111111,0.5361888888888888,],
[0.5415244444444445,0.4584755555555555,],
[0.4640022222222223,0.5359977777777778,],
[0.5406644444444446,0.4593355555555556,],
[0.4640777777777778,0.5359222222222222,],
[0.5416222222222222,0.4583777777777778,],
[0.4650044444444445,0.5349955555555556,],
[0.5417266666666667,0.4582733333333333,],
[0.4641244444444445,0.5358755555555555,],
[0.5409066666666668,0.4590933333333334,],
[0.4631111111111111,0.5368888888888889,],
[0.5409666666666668,0.4590333333333333,],
[0.4637222222222223,0.5362777777777777,],
[0.5413244444444444,0.4586755555555556,],
[0.4642111111111111,0.5357888888888889,],
[0.5419288888888888,0.4580711111111112,],
[0.4642755555555556,0.5357244444444443,],
[0.5414600000000001,0.45854,],
[0.4626488888888889,0.5373511111111111,],
[0.5390866666666666,0.4609133333333334,],
[0.4638844444444445,0.5361155555555556,],
[0.5419222222222222,0.4580777777777778,],
[0.4643955555555556,0.5356044444444444,],
[0.5415822222222222,0.4584177777777778,],
[0.4635666666666667,0.5364333333333334,],
[0.5414488888888889,0.4585511111111111,],
[0.4631311111111112,0.5368688888888888,],
[0.5402933333333333,0.4597066666666667,],
[0.4630266666666666,0.5369733333333333,],
[0.5401622222222222,0.4598377777777778,],
[0.4623977777777777,0.5376022222222222,],
[0.540768888888889,0.4592311111111111,],
[0.4625488888888889,0.5374511111111111,],
[0.5419488888888888,0.4580511111111111,],
[0.46428,0.53572,],
[0.5411533333333334,0.4588466666666667,],
[0.4633088888888889,0.5366911111111111,],
[0.5410311111111111,0.4589688888888889,],
[0.4632244444444444,0.5367755555555555,],
[0.5411177777777778,0.4588822222222222,],
[0.4633422222222223,0.5366577777777778,],
[0.5403155555555555,0.4596844444444445,],
[0.4626288888888889,0.5373711111111111,],
[0.5398066666666668,0.4601933333333333,],
[0.4619911111111111,0.5380088888888889,],
[0.5400444444444444,0.4599555555555556,],
[0.4639933333333334,0.5360066666666667,],
[0.5419288888888888,0.4580711111111112,],
[0.4641066666666667,0.5358933333333333,],
[0.5416755555555556,0.4583244444444444,],
[0.4642533333333334,0.5357466666666666,],
[0.5412711111111111,0.4587288888888889,],
[0.4624911111111111,0.5375088888888889,],
[0.5406666666666667,0.4593333333333334,],
[0.4629977777777778,0.5370022222222223,],
[0.5412866666666668,0.4587133333333334,],
[0.4616888888888889,0.5383111111111112,],
[0.540628888888889,0.4593711111111112,],
[0.4633111111111111,0.5366888888888889,],
[0.5414688888888889,0.4585311111111111,],
[0.4634866666666667,0.5365133333333333,],
[0.5404577777777778,0.4595422222222222,],
[0.4626644444444444,0.5373355555555556,],
[0.5419911111111111,0.4580088888888889,],
[0.4638466666666667,0.5361533333333334,],
[0.5415644444444445,0.4584355555555555,],
[0.4636777777777778,0.5363222222222223,],
[0.5403711111111111,0.4596288888888889,],
[0.46312,0.5368799999999999,],
[0.5424622222222221,0.4575377777777778,],
[0.4647711111111111,0.5352288888888889,],
[0.5414644444444445,0.4585355555555556,],
[0.4634711111111111,0.5365288888888888,],
[0.5404777777777778,0.4595222222222222,],
[0.4625911111111111,0.5374088888888889,],
[0.5411311111111111,0.4588688888888889,],
[0.4635755555555556,0.5364244444444445,],
[0.5401533333333334,0.4598466666666667,],
[0.4629822222222222,0.5370177777777778,],
[0.5422911111111111,0.4577088888888889,],
[0.46362,0.5363800000000001,],
[0.5415955555555555,0.4584044444444444,],
[0.4651066666666667,0.5348933333333333,],
[0.5417555555555555,0.4582444444444444,],
[0.4630844444444445,0.5369155555555555,],
[0.5412711111111111,0.4587288888888889,],
[0.4633377777777778,0.5366622222222223,],
[0.5407022222222223,0.4592977777777778,],
[0.4628,0.5372,],
[0.5399644444444445,0.4600355555555556,],
[0.4624844444444444,0.5375155555555556,],
[0.5410733333333334,0.4589266666666667,],
[0.4643244444444445,0.5356755555555555,],
[0.5410911111111112,0.4589088888888889,],
[0.4627955555555555,0.5372044444444445,],
[0.5410644444444445,0.4589355555555556,],
[0.4638444444444444,0.5361555555555556,],
[0.5421155555555556,0.4578844444444444,],
[0.4644977777777778,0.5355022222222222,],
[0.5424644444444443,0.4575355555555555,],
[0.4645622222222223,0.5354377777777778,],
[0.5413088888888888,0.4586911111111111,],
[0.4637355555555556,0.5362644444444444,],
[0.5410177777777778,0.4589822222222222,],
[0.4637822222222223,0.5362177777777778,],
[0.5411511111111111,0.4588488888888889,],
[0.46404,0.53596,],
[0.5413377777777778,0.4586622222222222,],
[0.4626222222222223,0.5373777777777777,],
[0.541931111111111,0.4580688888888889,],
[0.4634422222222223,0.5365577777777778,],
[0.5409533333333334,0.4590466666666667,],
[0.4623044444444445,0.5376955555555556,],
[0.5415711111111112,0.4584288888888889,],
[0.4635688888888889,0.5364311111111112,],
[0.5409622222222223,0.4590377777777778,],
[0.4633911111111111,0.5366088888888889,],
[0.5411955555555557,0.4588044444444445,],
[0.4644177777777778,0.5355822222222222,],
[0.5416266666666666,0.4583733333333334,],
[0.4637111111111111,0.5362888888888889,],
[0.5413177777777778,0.4586822222222222,],
[0.4642333333333334,0.5357666666666666,],
[0.5407133333333335,0.4592866666666667,],
[0.4627577777777778,0.5372422222222223,],
[0.5402444444444444,0.4597555555555556,],
[0.4632422222222222,0.5367577777777777,],
[0.5400400000000001,0.45996,],
[0.4628,0.5372,],
[0.5403288888888889,0.4596711111111111,],
[0.4625355555555556,0.5374644444444445,],
[0.5403933333333334,0.4596066666666667,],
[0.4631844444444445,0.5368155555555555,],
[0.5410866666666667,0.4589133333333333,],
[0.46326,0.53674,],
[0.54074,0.45926,],
[0.4641688888888889,0.535831111111111,],
[0.5431555555555555,0.4568444444444445,],
[0.4639644444444445,0.5360355555555556,],
[0.5411066666666667,0.4588933333333333,],
[0.4631355555555556,0.5368644444444444,],
[0.5409,0.4591,],
[0.4621377777777778,0.5378622222222222,],
[0.5403755555555556,0.4596244444444444,],
[0.4627,0.5373000000000001,],
[0.5413488888888889,0.4586511111111112,],
[0.4648711111111112,0.5351288888888889,],
[0.5405400000000001,0.45946,],
[0.4632622222222222,0.5367377777777778,],
[0.5401844444444445,0.4598155555555556,],
[0.4630177777777778,0.5369822222222222,],
[0.5409044444444445,0.4590955555555556,],
[0.4618177777777778,0.5381822222222222,],
[0.5408222222222223,0.4591777777777778,],
[0.4634977777777778,0.5365022222222222,],
[0.5404755555555556,0.4595244444444444,],
[0.4622333333333333,0.5377666666666667,],
[0.5401111111111112,0.4598888888888889,],
[0.4617333333333334,0.5382666666666667,],
[0.5398111111111112,0.4601888888888889,],
[0.4627244444444444,0.5372755555555556,],
[0.5403355555555556,0.4596644444444445,],
[0.4633711111111111,0.5366288888888889,],
[0.5422377777777777,0.4577622222222222,],
[0.4630333333333334,0.5369666666666667,],
[0.5423088888888888,0.4576911111111111,],
[0.4639488888888889,0.5360511111111111,],
[0.5409844444444446,0.4590155555555556,],
[0.4622088888888889,0.5377911111111111,],
[0.5404533333333333,0.4595466666666667,],
[0.4630622222222222,0.5369377777777777,],
[0.5405977777777778,0.4594022222222222,],
[0.4632311111111111,0.5367688888888889,],
[0.5411377777777778,0.4588622222222222,],
[0.4619444444444444,0.5380555555555555,],
[0.540628888888889,0.4593711111111112,],
[0.4642755555555556,0.5357244444444443,],
[0.5394844444444445,0.4605155555555556,],
[0.4636133333333333,0.5363866666666667,],
[0.5404444444444445,0.4595555555555556,],
[0.4634377777777778,0.5365622222222222,],
[0.541088888888889,0.4589111111111111,],
[0.4636466666666667,0.5363533333333333,],
[0.5407066666666668,0.4592933333333333,],
[0.4622933333333333,0.5377066666666667,],
[0.5402844444444445,0.4597155555555556,],
[0.4635666666666667,0.5364333333333334,],
[0.5413177777777778,0.4586822222222222,],
[0.4642511111111112,0.5357488888888888,],
[0.5415666666666668,0.4584333333333333,],
[0.4636133333333333,0.5363866666666667,],
[0.5420022222222222,0.4579977777777778,],
[0.4647577777777778,0.5352422222222223,],
[0.5409600000000001,0.45904,],
[0.4629644444444444,0.5370355555555556,],
[0.5408288888888889,0.4591711111111111,],
[0.4638333333333334,0.5361666666666668,],
[0.5413755555555556,0.4586244444444445,],
[0.4644511111111111,0.5355488888888889,],
[0.5420844444444445,0.4579155555555555,],
[0.4633422222222223,0.5366577777777778,],
[0.5416911111111111,0.4583088888888889,],
[0.4638155555555556,0.5361844444444445,],
[0.5418200000000001,0.45818,],
[0.4635266666666666,0.5364733333333332,],
[0.5413711111111111,0.4586288888888889,],
[0.4629,0.5371,],
[0.5411822222222222,0.4588177777777778,],
[0.4639511111111111,0.5360488888888889,],
[0.5406444444444446,0.4593555555555556,],
[0.46284,0.5371600000000001,],
[0.5412,0.4588,],
[0.4639866666666667,0.5360133333333333,],
[0.5423333333333333,0.4576666666666667,],
[0.4637222222222223,0.5362777777777777,],
[0.5405266666666667,0.4594733333333333,],
[0.4625777777777778,0.5374222222222222,],
[0.5419377777777777,0.4580622222222223,],
[0.4634955555555556,0.5365044444444445,],
[0.5415844444444444,0.4584155555555555,],
[0.4634244444444445,0.5365755555555556,],
[0.5409844444444446,0.4590155555555556,],
[0.46306,0.53694,],
[0.5408844444444445,0.4591155555555556,],
[0.4620288888888889,0.5379711111111111,],
[0.5406600000000001,0.45934,],
[0.4631244444444444,0.5368755555555556,],
[0.5400822222222222,0.4599177777777778,],
[0.4624111111111111,0.537588888888889,],
[0.54,0.46,],
[0.4638666666666667,0.5361333333333334,],
[0.5401155555555556,0.4598844444444445,],
[0.4629711111111111,0.5370288888888889,],
[0.5415777777777778,0.4584222222222222,],
[0.4635888888888889,0.5364111111111112,],
[0.5416511111111111,0.4583488888888889,],
[0.4638644444444445,0.5361355555555556,],
[0.5405266666666667,0.4594733333333333,],
[0.4640422222222222,0.5359577777777778,],
[0.5409355555555556,0.4590644444444444,],
[0.46414,0.53586,],
[0.5413577777777778,0.4586422222222223,],
[0.4630311111111111,0.5369688888888888,],
[0.5409866666666667,0.4590133333333333,],
[0.4644355555555556,0.5355644444444444,],
[0.5411666666666667,0.4588333333333333,],
[0.4636955555555556,0.5363044444444445,],
[0.5412911111111112,0.4587088888888889,],
[0.4633911111111111,0.5366088888888889,],
[0.5412888888888889,0.4587111111111111,],
[0.4631355555555556,0.5368644444444444,],
[0.5396155555555556,0.4603844444444445,],
[0.46304,0.53696,],
[0.5422977777777778,0.4577022222222222,],
[0.4635355555555555,0.5364644444444444,],
[0.5426711111111111,0.4573288888888889,],
[0.4651688888888889,0.5348311111111111,],
[0.5415022222222222,0.4584977777777778,],
[0.4631377777777778,0.5368622222222221,],
[0.5407377777777778,0.4592622222222222,],
[0.4630822222222222,0.5369177777777777,],
[0.5419133333333332,0.4580866666666667,],
[0.4637488888888889,0.5362511111111111,],
[0.5412377777777778,0.4587622222222222,],
[0.4636111111111111,0.5363888888888889,],
[0.5411688888888889,0.4588311111111111,],
[0.4635288888888889,0.536471111111111,],
[0.5404377777777778,0.4595622222222222,],
[0.4620133333333333,0.5379866666666666,],
[0.5414111111111112,0.4585888888888889,],
[0.4638088888888889,0.5361911111111111,],
[0.5419622222222222,0.4580377777777778,],
[0.4628688888888889,0.5371311111111111,],
[0.5410844444444445,0.4589155555555556,],
[0.4637133333333334,0.5362866666666667,],
[0.5405955555555556,0.4594044444444444,],
[0.4619222222222223,0.5380777777777778,],
[0.5392555555555556,0.4607444444444445,],
[0.4625644444444444,0.5374355555555556,],
[0.5398666666666667,0.4601333333333333,],
[0.4626355555555556,0.5373644444444444,],
[0.5403333333333333,0.4596666666666667,],
[0.4626066666666667,0.5373933333333334,],
[0.5419622222222222,0.4580377777777778,],
[0.4630177777777778,0.5369822222222222,],
[0.54152,0.45848,],
[0.4633933333333333,0.5366066666666667,],
[0.5409577777777779,0.4590422222222222,],
[0.4648555555555556,0.5351444444444444,],
[0.5417022222222222,0.4582977777777777,],
[0.4630244444444445,0.5369755555555555,],
[0.5400333333333334,0.4599666666666667,],
[0.4631955555555556,0.5368044444444444,],
[0.5410422222222222,0.4589577777777777,],
[0.4629755555555555,0.5370244444444444,],
[0.5413355555555556,0.4586644444444445,],
[0.4648533333333334,0.5351466666666667,],
[0.5410444444444444,0.4589555555555555,],
[0.4639933333333334,0.5360066666666667,],
[0.5395044444444446,0.4604955555555556,],
[0.4620155555555556,0.5379844444444444,],
[0.5407555555555555,0.4592444444444445,],
[0.4620711111111112,0.5379288888888888,],
[0.5401511111111111,0.4598488888888889,],
[0.4627666666666667,0.5372333333333335,],
[0.5413311111111111,0.4586688888888889,],
[0.4636888888888889,0.5363111111111111,],
[0.5418466666666667,0.4581533333333334,],
[0.4640044444444444,0.5359955555555556,],
[0.5414488888888889,0.4585511111111111,],
[0.4630466666666667,0.5369533333333333,],
[0.5405933333333335,0.4594066666666667,],
[0.4618422222222223,0.5381577777777778,],
[0.5390955555555556,0.4609044444444445,],
[0.4636533333333334,0.5363466666666666,],
[0.5421177777777778,0.4578822222222222,],
[0.4646533333333333,0.5353466666666666,],
[0.54088,0.45912,],
[0.4634711111111111,0.5365288888888888,],
[0.5408977777777778,0.4591022222222222,],
[0.4637933333333333,0.5362066666666666,],
[0.5418488888888889,0.4581511111111111,],
[0.4635422222222222,0.5364577777777778,],
[0.5414155555555555,0.4585844444444445,],
[0.4636933333333333,0.5363066666666667,],
[0.54178,0.45822,],
[0.4639244444444445,0.5360755555555556,],
[0.5420066666666666,0.4579933333333334,],
[0.4643155555555556,0.5356844444444444,],
[0.5423555555555555,0.4576444444444445,],
[0.4626422222222223,0.5373577777777778,],
[0.5408644444444445,0.4591355555555556,],
[0.4636511111111111,0.5363488888888889,],
[0.5408155555555556,0.4591844444444445,],
[0.4644822222222223,0.5355177777777778,],
[0.5415533333333334,0.4584466666666667,],
[0.4645733333333333,0.5354266666666666,],
[0.5410666666666667,0.4589333333333334,],
[0.4635711111111111,0.536428888888889,],
[0.5417,0.4583,],
[0.4634888888888889,0.536511111111111,],
[0.5412755555555556,0.4587244444444444,],
[0.4635066666666666,0.5364933333333333,],
[0.5400244444444445,0.4599755555555556,],
[0.4638088888888889,0.5361911111111111,],
[0.5407022222222223,0.4592977777777778,],
[0.4643200000000001,0.5356799999999999,],
[0.5413044444444445,0.4586955555555556,],
[0.4630866666666667,0.5369133333333334,],
[0.5417,0.4583,],
[0.46282,0.5371800000000001,],
[0.539788888888889,0.4602111111111111,],
[0.4622244444444444,0.5377755555555556,],
[0.5416933333333334,0.4583066666666666,],
[0.46408,0.53592,],
[0.5408755555555557,0.4591244444444444,],
[0.4635755555555556,0.5364244444444445,],
[0.5408422222222223,0.4591577777777778,],
[0.4631733333333334,0.5368266666666666,],
[0.5421688888888888,0.4578311111111111,],
[0.4640488888888889,0.5359511111111112,],
[0.5411377777777778,0.4588622222222222,],
[0.4628622222222222,0.5371377777777778,],
[0.5413422222222222,0.4586577777777778,],
[0.4634111111111111,0.5365888888888889,],
[0.5414666666666667,0.4585333333333333,],
[0.4634955555555556,0.5365044444444445,],
[0.5406555555555557,0.4593444444444445,],
[0.4641466666666667,0.5358533333333333,],
[0.5408355555555556,0.4591644444444445,],
[0.4633088888888889,0.5366911111111111,],
[0.54112,0.45888,],
[0.4627288888888889,0.5372711111111111,],
[0.5397466666666667,0.4602533333333333,],
[0.4627088888888889,0.5372911111111112,],
[0.5406711111111112,0.4593288888888889,],
[0.4623111111111111,0.5376888888888889,],
[0.5408177777777778,0.4591822222222223,],
[0.4643333333333334,0.5356666666666666,],
[0.5420066666666666,0.4579933333333334,],
[0.4643733333333334,0.5356266666666666,],
[0.5419155555555555,0.4580844444444445,],
[0.4630666666666667,0.5369333333333333,],
[0.5414377777777778,0.4585622222222223,],
[0.4646711111111111,0.5353288888888889,],
[0.5415355555555557,0.4584644444444445,],
[0.46204,0.53796,],
[0.5412111111111112,0.4587888888888889,],
[0.46272,0.5372800000000001,],
[0.5392311111111111,0.4607688888888889,],
[0.4621,0.5378999999999999,],
[0.54172,0.45828,],
[0.4635355555555555,0.5364644444444444,],
[0.5411733333333334,0.4588266666666667,],
[0.4632666666666667,0.5367333333333334,],
[0.5402577777777777,0.4597422222222223,],
[0.4622977777777778,0.5377022222222222,],
[0.54076,0.45924,],
[0.4630888888888889,0.5369111111111111,],
[0.5399533333333334,0.4600466666666667,],
[0.4629444444444444,0.5370555555555556,],
[0.5414355555555556,0.4585644444444444,],
[0.4632911111111112,0.5367088888888889,],
[0.5404866666666668,0.4595133333333334,],
[0.4636644444444445,0.5363355555555556,],
[0.5409,0.4591,],
[0.4632844444444444,0.5367155555555556,],
[0.5400644444444445,0.4599355555555556,],
[0.4633555555555556,0.5366444444444445,],
[0.5404622222222223,0.4595377777777778,],
[0.46218,0.5378200000000001,],
[0.5409933333333334,0.4590066666666667,],
[0.4640844444444444,0.5359155555555556,],
[0.5408955555555557,0.4591044444444445,],
[0.4632466666666667,0.5367533333333333,],
[0.5400044444444445,0.4599955555555555,],
[0.46322,0.5367799999999999,],
[0.54034,0.45966,],
[0.4631311111111112,0.5368688888888888,],
[0.5412955555555556,0.4587044444444445,],
[0.4626977777777778,0.5373022222222223,],
[0.5400288888888889,0.4599711111111111,],
[0.46406,0.53594,],
[0.5422644444444444,0.4577355555555556,],
[0.4641555555555555,0.5358444444444445,],
[0.5404333333333334,0.4595666666666667,],
[0.4626,0.5374,],
[0.5417244444444445,0.4582755555555555,],
[0.4635844444444445,0.5364155555555556,],
[0.5416155555555555,0.4583844444444444,],
[0.4649200000000001,0.53508,],
[0.5409844444444446,0.4590155555555556,],
[0.4630044444444444,0.5369955555555556,],
[0.5406066666666668,0.4593933333333333,],
[0.4614555555555556,0.5385444444444445,],
[0.5404711111111111,0.4595288888888889,],
[0.4631333333333333,0.5368666666666666,],
[0.540128888888889,0.4598711111111111,],
[0.4625822222222222,0.5374177777777778,],
[0.5418222222222222,0.4581777777777778,],
[0.4644844444444445,0.5355155555555555,],
[0.5418355555555556,0.4581644444444444,],
[0.4632533333333334,0.5367466666666666,],
[0.5418355555555556,0.4581644444444444,],
[0.4638688888888889,0.5361311111111112,],
[0.5411355555555556,0.4588644444444445,],
[0.4627022222222222,0.5372977777777779,],
[0.5405533333333334,0.4594466666666667,],
[0.4630866666666667,0.5369133333333334,],
[0.5417288888888889,0.4582711111111111,],
[0.4645822222222222,0.5354177777777778,],
[0.5415022222222222,0.4584977777777778,],
[0.4637666666666667,0.5362333333333333,],
[0.5404800000000001,0.45952,],
[0.4636022222222222,0.5363977777777779,],
[0.5419933333333333,0.4580066666666667,],
[0.4635533333333333,0.5364466666666667,],
[0.54144,0.45856,],
[0.4632333333333333,0.5367666666666666,],
[0.5410022222222224,0.4589977777777778,],
[0.4630066666666667,0.5369933333333333,],
[0.5403333333333333,0.4596666666666667,],
[0.4640466666666667,0.5359533333333334,],
[0.5400844444444445,0.4599155555555556,],
[0.4627022222222222,0.5372977777777779,],
[0.5412644444444445,0.4587355555555556,],
[0.4633222222222222,0.5366777777777778,],
[0.5399022222222222,0.4600977777777778,],
[0.4637111111111111,0.5362888888888889,],
[0.5411222222222223,0.4588777777777778,],
[0.4651066666666667,0.5348933333333333,],
[0.5419511111111111,0.4580488888888889,],
[0.4645111111111111,0.5354888888888889,],
[0.541088888888889,0.4589111111111111,],
[0.4650622222222223,0.5349377777777778,],
[0.5422111111111111,0.4577888888888889,],
[0.4629955555555555,0.5370044444444444,],
[0.5404733333333334,0.4595266666666666,],
[0.4636422222222222,0.5363577777777778,],
[0.5412933333333334,0.4587066666666667,],
[0.4637577777777778,0.5362422222222222,],
[0.5412244444444445,0.4587755555555556,],
[0.4636066666666667,0.5363933333333334,],
[0.5409022222222223,0.4590977777777778,],
[0.4634511111111111,0.5365488888888889,],
[0.5403711111111111,0.4596288888888889,],
[0.4635755555555556,0.5364244444444445,],
[0.5395666666666667,0.4604333333333334,],
[0.4629755555555555,0.5370244444444444,],
[0.5411888888888889,0.4588111111111111,],
[0.4644111111111112,0.5355888888888889,],
[0.5411155555555556,0.4588844444444444,],
[0.4648600000000001,0.5351399999999999,],
[0.5401422222222223,0.4598577777777778,],
[0.4633466666666667,0.5366533333333333,],
[0.5402844444444445,0.4597155555555556,],
[0.4633466666666667,0.5366533333333333,],
[0.5406444444444446,0.4593555555555556,],
[0.4633733333333333,0.5366266666666667,],
[0.5405377777777779,0.4594622222222222,],
[0.4626,0.5374,],
[0.5406866666666668,0.4593133333333334,],
[0.4636488888888889,0.5363511111111111,],
[0.5404333333333334,0.4595666666666667,],
[0.4633133333333334,0.5366866666666666,],
[0.5422222222222222,0.4577777777777778,],
[0.4640955555555555,0.5359044444444444,],
[0.5400822222222222,0.4599177777777778,],
[0.4626911111111111,0.5373088888888889,],
[0.5413666666666667,0.4586333333333334,],
[0.4645177777777778,0.5354822222222222,],
[0.5409355555555556,0.4590644444444444,],
[0.4623488888888889,0.5376511111111111,],
[0.5418999999999999,0.4581,],
[0.4633111111111111,0.5366888888888889,],
[0.5406911111111112,0.4593088888888889,],
[0.4637133333333334,0.5362866666666667,],
[0.5430622222222222,0.4569377777777778,],
[0.4647333333333333,0.5352666666666667,],
[0.5411777777777779,0.4588222222222222,],
[0.4631511111111111,0.5368488888888888,],
[0.540768888888889,0.4592311111111111,],
[0.4626866666666667,0.5373133333333334,],
[0.5401822222222222,0.4598177777777778,],
[0.4622622222222222,0.5377377777777778,],
[0.5398866666666666,0.4601133333333333,],
[0.4636377777777778,0.5363622222222223,],
[0.54172,0.45828,],
[0.4629644444444444,0.5370355555555556,],
[0.5408044444444445,0.4591955555555556,],
[0.4638244444444445,0.5361755555555556,],
[0.5420822222222222,0.4579177777777778,],
[0.4640488888888889,0.5359511111111112,],
[0.5409622222222223,0.4590377777777778,],
[0.46342,0.5365799999999999,],
[0.541591111111111,0.4584088888888889,],
[0.4629888888888889,0.5370111111111111,],
[0.5410155555555556,0.4589844444444444,],
[0.4621066666666667,0.5378933333333332,],
[0.5396466666666667,0.4603533333333334,],
[0.4634644444444445,0.5365355555555555,],
[0.5406977777777779,0.4593022222222222,],
[0.4637133333333334,0.5362866666666667,],
[0.5413377777777778,0.4586622222222222,],
[0.4635555555555556,0.5364444444444445,],
[0.5413511111111111,0.4586488888888889,],
[0.46358,0.53642,],
[0.5407955555555556,0.4592044444444445,],
[0.4643822222222223,0.5356177777777776,],
[0.5420377777777777,0.4579622222222222,],
[0.4634133333333333,0.5365866666666667,],
[0.5404600000000001,0.45954,],
[0.4625377777777778,0.5374622222222223,],
[0.54208,0.45792,],
[0.4649266666666667,0.5350733333333333,],
[0.5424022222222222,0.4575977777777778,],
[0.4634466666666667,0.5365533333333333,],
[0.5408622222222222,0.4591377777777778,],
[0.4638977777777778,0.5361022222222223,],
[0.5408711111111112,0.4591288888888889,],
[0.4636866666666667,0.5363133333333333,],
[0.5408088888888889,0.4591911111111112,],
[0.4631444444444445,0.5368555555555555,],
[0.5407333333333334,0.4592666666666667,],
[0.4625866666666667,0.5374133333333333,],
[0.5412622222222223,0.4587377777777778,],
[0.4637422222222223,0.5362577777777777,],
[0.541108888888889,0.4588911111111111,],
[0.4639066666666667,0.5360933333333334,],
[0.5410333333333334,0.4589666666666666,],
[0.4640222222222222,0.5359777777777778,],
[0.5402266666666666,0.4597733333333334,],
[0.4629755555555555,0.5370244444444444,],
[0.5419288888888888,0.4580711111111112,],
[0.4634333333333334,0.5365666666666666,],
[0.540888888888889,0.4591111111111111,],
[0.4643155555555556,0.5356844444444444,],
[0.5414466666666667,0.4585533333333334,],
[0.4643355555555556,0.5356644444444444,],
[0.5420733333333333,0.4579266666666666,],
[0.46284,0.5371600000000001,],
[0.5405977777777778,0.4594022222222222,],
[0.4632933333333333,0.5367066666666667,],
[0.5416333333333333,0.4583666666666667,],
[0.4640933333333333,0.5359066666666666,],
[0.5413177777777778,0.4586822222222222,],
[0.4635444444444444,0.5364555555555556,],
[0.542491111111111,0.4575088888888889,],
[0.4651977777777778,0.5348022222222222,],
[0.5407777777777778,0.4592222222222223,],
[0.46266,0.53734,],
[0.5407044444444445,0.4592955555555556,],
[0.4631911111111112,0.5368088888888888,],
[0.5400555555555556,0.4599444444444445,],
[0.4632622222222222,0.5367377777777778,],
[0.5412133333333334,0.4587866666666667,],
[0.4630333333333334,0.5369666666666667,],
[0.54076,0.45924,],
[0.4636844444444445,0.5363155555555555,],
[0.5412333333333335,0.4587666666666667,],
[0.46348,0.53652,],
[0.5406044444444446,0.4593955555555556,],
[0.4634555555555556,0.5365444444444444,],
[0.5406911111111112,0.4593088888888889,],
[0.4621,0.5378999999999999,],
[0.5406911111111112,0.4593088888888889,],
[0.4625044444444444,0.5374955555555556,],
[0.5411488888888889,0.4588511111111111,],
[0.4641244444444445,0.5358755555555555,],
[0.5412866666666668,0.4587133333333334,],
[0.4627977777777778,0.5372022222222222,],
[0.5422644444444444,0.4577355555555556,],
[0.4635466666666667,0.5364533333333333,],
[0.5407933333333333,0.4592066666666667,],
[0.4630733333333333,0.5369266666666667,],
[0.5413355555555556,0.4586644444444445,],
[0.46332,0.53668,],
[0.5401177777777778,0.4598822222222222,],
[0.4633888888888889,0.5366111111111111,],
[0.5416355555555555,0.4583644444444445,],
[0.4636755555555556,0.5363244444444445,],
[0.5417133333333334,0.4582866666666667,],
[0.4638088888888889,0.5361911111111111,],
[0.5398466666666668,0.4601533333333334,],
[0.4631666666666667,0.5368333333333333,],
[0.5416644444444444,0.4583355555555556,],
[0.4631466666666667,0.5368533333333333,],
[0.5398777777777778,0.4601222222222222,],
[0.4635266666666666,0.5364733333333332,],
[0.5418555555555556,0.4581444444444445,],
[0.4644644444444445,0.5355355555555555,],
[0.5416244444444445,0.4583755555555556,],
[0.4656244444444445,0.5343755555555555,],
[0.5431755555555555,0.4568244444444445,],
[0.4642822222222223,0.5357177777777777,],
[0.5417422222222222,0.4582577777777778,],
[0.4645444444444445,0.5354555555555556,],
[0.5414688888888889,0.4585311111111111,],
[0.4645888888888889,0.5354111111111111,],
[0.5421066666666666,0.4578933333333333,],
[0.4636977777777778,0.5363022222222222,],
[0.5407200000000001,0.45928,],
[0.4639022222222223,0.5360977777777778,],
[0.5414911111111111,0.4585088888888889,],
[0.4639222222222223,0.5360777777777779,],
[0.5405155555555556,0.4594844444444445,],
[0.4628155555555555,0.5371844444444445,],
[0.5408555555555556,0.4591444444444445,],
[0.4638533333333333,0.5361466666666668,],
[0.5402844444444445,0.4597155555555556,],
[0.4629888888888889,0.5370111111111111,],
[0.5404644444444445,0.4595355555555555,],
[0.46246,0.53754,],
[0.5406733333333335,0.4593266666666667,],
[0.4618288888888889,0.5381711111111112,],
[0.5394800000000001,0.46052,],
[0.4627711111111111,0.537228888888889,],
[0.53944,0.46056,],
[0.4637666666666667,0.5362333333333333,],
[0.5412888888888889,0.4587111111111111,],
[0.4637911111111111,0.5362088888888888,],
[0.5406022222222223,0.4593977777777778,],
[0.4637422222222223,0.5362577777777777,],
[0.5408844444444445,0.4591155555555556,],
[0.4630933333333334,0.5369066666666666,],
[0.5400288888888889,0.4599711111111111,],
[0.4644288888888889,0.5355711111111111,],
[0.5402399999999999,0.4597600000000001,],
[0.4630733333333333,0.5369266666666667,],
[0.5420533333333333,0.4579466666666667,],
[0.464888888888889,0.5351111111111111,],
[0.54236,0.45764,],
[0.4638466666666667,0.5361533333333334,],
[0.5404822222222223,0.4595177777777778,],
[0.4623622222222222,0.5376377777777778,],
[0.5419533333333333,0.4580466666666667,],
[0.46382,0.53618,],
[0.5397400000000001,0.4602600000000001,],
[0.4645066666666667,0.5354933333333333,],
[0.5414911111111111,0.4585088888888889,],
[0.4652977777777778,0.5347022222222222,],
[0.5419933333333333,0.4580066666666667,],
[0.4642177777777778,0.5357822222222222,],
[0.5405733333333335,0.4594266666666666,],
[0.4635911111111111,0.5364088888888889,],
[0.5408466666666667,0.4591533333333334,],
[0.4646977777777778,0.5353022222222222,],
[0.5407755555555556,0.4592244444444445,],
[0.4628333333333333,0.5371666666666667,],
[0.5409377777777779,0.4590622222222222,],
[0.4625444444444445,0.5374555555555556,],
[0.5402644444444444,0.4597355555555556,],
[0.4623933333333333,0.5376066666666667,],
[0.5397644444444445,0.4602355555555556,],
[0.4625711111111112,0.537428888888889,],
[0.541568888888889,0.4584311111111111,],
[0.4639222222222223,0.5360777777777779,],
[0.5406333333333334,0.4593666666666667,],
[0.4636977777777778,0.5363022222222222,],
[0.5420755555555555,0.4579244444444444,],
[0.4638555555555556,0.5361444444444445,],
[0.5416533333333333,0.4583466666666667,],
[0.4638133333333334,0.5361866666666666,],
[0.5413355555555556,0.4586644444444445,],
[0.4635533333333333,0.5364466666666667,],
[0.5412911111111112,0.4587088888888889,],
[0.4631533333333334,0.5368466666666666,],
[0.5400488888888889,0.4599511111111111,],
[0.4629333333333333,0.5370666666666667,],
[0.5407311111111112,0.4592688888888889,],
[0.4631888888888889,0.536811111111111,],
[0.5413,0.4587,],
[0.46464,0.5353599999999999,],
[0.5400400000000001,0.45996,],
[0.4627977777777778,0.5372022222222222,],
[0.5413622222222222,0.4586377777777778,],
[0.4649977777777778,0.5350022222222223,],
[0.5418511111111112,0.4581488888888889,],
[0.4646622222222222,0.5353377777777777,],
[0.5415666666666668,0.4584333333333333,],
[0.4623955555555555,0.5376044444444444,],
[0.5401044444444445,0.4598955555555556,],
[0.4624977777777778,0.5375022222222222,],
[0.5399977777777778,0.4600022222222223,],
[0.4632466666666667,0.5367533333333333,],
[0.5416333333333333,0.4583666666666667,],
[0.4625511111111111,0.5374488888888889,],
[0.5405266666666667,0.4594733333333333,],
[0.4636555555555556,0.5363444444444445,],
[0.5412733333333334,0.4587266666666667,],
[0.4631955555555556,0.5368044444444444,],
[0.5406400000000001,0.45936,],
[0.4625911111111111,0.5374088888888889,],
[0.540588888888889,0.4594111111111111,],
];;
