domred_marginals := [
[0.9674699999999999,0.03253000000000001,],
[0.92106,0.03947000000000001,0.03947000000000001,],
[0.9073099999999999,0.03089666666666667,0.03089666666666667,0.03089666666666667,],
[0.8561000000000001,0.035975,0.035975,0.035975,0.035975,],
[0.8176300000000001,0.036474,0.036474,0.036474,0.036474,0.036474,],
[0.79761,0.03373166666666666,0.03373166666666666,0.03373166666666666,0.03373166666666666,0.03373166666666666,0.03373166666666666,],
[0.6907400000000001,0.04418,0.04418,0.04418,0.04418,0.04418,0.04418,0.04418,],
[0.7344400000000001,0.03319500000000001,0.03319500000000001,0.03319500000000001,0.03319500000000001,0.03319500000000001,0.03319500000000001,0.03319500000000001,0.03319500000000001,],
[0.6202800000000001,0.04219111111111111,0.04219111111111111,0.04219111111111111,0.04219111111111111,0.04219111111111111,0.04219111111111111,0.04219111111111111,0.04219111111111111,0.04219111111111111,],
[0.7683200000000001,0.023168,0.023168,0.023168,0.023168,0.023168,0.023168,0.023168,0.023168,0.023168,0.023168,],
[0.92909,0.07091000000000001,],
[0.8820800000000001,0.05896,0.05896,],
[0.8569800000000001,0.04767333333333333,0.04767333333333333,0.04767333333333333,],
[0.8381200000000001,0.04047000000000001,0.04047000000000001,0.04047000000000001,0.04047000000000001,],
[0.81801,0.03639799999999999,0.03639799999999999,0.03639799999999999,0.03639799999999999,0.03639799999999999,],
[0.62105,0.06315833333333333,0.06315833333333333,0.06315833333333333,0.06315833333333333,0.06315833333333333,0.06315833333333333,],
[0.5691400000000002,0.06155142857142857,0.06155142857142857,0.06155142857142857,0.06155142857142857,0.06155142857142857,0.06155142857142857,0.06155142857142857,],
[0.6000800000000001,0.04999000000000001,0.04999000000000001,0.04999000000000001,0.04999000000000001,0.04999000000000001,0.04999000000000001,0.04999000000000001,0.04999000000000001,],
[0.71272,0.03192,0.03192,0.03192,0.03192,0.03192,0.03192,0.03192,0.03192,0.03192,],
[0.5483400000000002,0.045166,0.045166,0.045166,0.045166,0.045166,0.045166,0.045166,0.045166,0.045166,0.045166,],
[0.9635900000000001,0.03641,],
[0.9127000000000001,0.04365,0.04365,],
[0.87448,0.04184,0.04184,0.04184,],
[0.8819100000000001,0.0295225,0.0295225,0.0295225,0.0295225,],
[0.82374,0.035252,0.035252,0.035252,0.035252,0.035252,],
[0.6788700000000001,0.05352166666666666,0.05352166666666666,0.05352166666666666,0.05352166666666666,0.05352166666666666,0.05352166666666666,],
[0.7721000000000001,0.03255714285714286,0.03255714285714286,0.03255714285714286,0.03255714285714286,0.03255714285714286,0.03255714285714286,0.03255714285714286,],
[0.7756600000000001,0.0280425,0.0280425,0.0280425,0.0280425,0.0280425,0.0280425,0.0280425,0.0280425,],
[0.6810800000000001,0.03543555555555556,0.03543555555555556,0.03543555555555556,0.03543555555555556,0.03543555555555556,0.03543555555555556,0.03543555555555556,0.03543555555555556,0.03543555555555556,],
[0.6171000000000001,0.03829,0.03829,0.03829,0.03829,0.03829,0.03829,0.03829,0.03829,0.03829,0.03829,],
[0.95172,0.04828,],
[0.8532200000000001,0.07339000000000001,0.07339000000000001,],
[0.81865,0.06045,0.06045,0.06045,],
[0.8312400000000001,0.04219000000000001,0.04219000000000001,0.04219000000000001,0.04219000000000001,],
[0.79098,0.04180399999999999,0.04180399999999999,0.04180399999999999,0.04180399999999999,0.04180399999999999,],
[0.7105400000000001,0.04824333333333333,0.04824333333333333,0.04824333333333333,0.04824333333333333,0.04824333333333333,0.04824333333333333,],
[0.59587,0.05773285714285714,0.05773285714285714,0.05773285714285714,0.05773285714285714,0.05773285714285714,0.05773285714285714,0.05773285714285714,],
[0.66449,0.04193875000000001,0.04193875000000001,0.04193875000000001,0.04193875000000001,0.04193875000000001,0.04193875000000001,0.04193875000000001,0.04193875000000001,],
[0.6896200000000001,0.03448666666666667,0.03448666666666667,0.03448666666666667,0.03448666666666667,0.03448666666666667,0.03448666666666667,0.03448666666666667,0.03448666666666667,0.03448666666666667,],
[0.5363000000000001,0.04636999999999999,0.04636999999999999,0.04636999999999999,0.04636999999999999,0.04636999999999999,0.04636999999999999,0.04636999999999999,0.04636999999999999,0.04636999999999999,0.04636999999999999,],
[0.96935,0.03065,],
[0.8859300000000001,0.057035,0.057035,],
[0.8687600000000001,0.04374666666666666,0.04374666666666666,0.04374666666666666,],
[0.7453000000000001,0.06367500000000001,0.06367500000000001,0.06367500000000001,0.06367500000000001,],
[0.8052400000000001,0.038952,0.038952,0.038952,0.038952,0.038952,],
[0.67815,0.05364166666666666,0.05364166666666666,0.05364166666666666,0.05364166666666666,0.05364166666666666,0.05364166666666666,],
[0.71619,0.04054428571428571,0.04054428571428571,0.04054428571428571,0.04054428571428571,0.04054428571428571,0.04054428571428571,0.04054428571428571,],
[0.5970700000000001,0.05036625,0.05036625,0.05036625,0.05036625,0.05036625,0.05036625,0.05036625,0.05036625,],
[0.7410000000000001,0.02877777777777778,0.02877777777777778,0.02877777777777778,0.02877777777777778,0.02877777777777778,0.02877777777777778,0.02877777777777778,0.02877777777777778,0.02877777777777778,],
[0.4908500000000001,0.050915,0.050915,0.050915,0.050915,0.050915,0.050915,0.050915,0.050915,0.050915,0.050915,],
[0.96965,0.03035,],
[0.8971400000000002,0.05143,0.05143,],
[0.8850600000000001,0.03831333333333333,0.03831333333333333,0.03831333333333333,],
[0.7423299999999999,0.06441750000000002,0.06441750000000002,0.06441750000000002,0.06441750000000002,],
[0.7899,0.04201999999999999,0.04201999999999999,0.04201999999999999,0.04201999999999999,0.04201999999999999,],
[0.84585,0.02569166666666666,0.02569166666666666,0.02569166666666666,0.02569166666666666,0.02569166666666666,0.02569166666666666,],
[0.75181,0.03545571428571429,0.03545571428571429,0.03545571428571429,0.03545571428571429,0.03545571428571429,0.03545571428571429,0.03545571428571429,],
[0.78515,0.02685625000000001,0.02685625000000001,0.02685625000000001,0.02685625000000001,0.02685625000000001,0.02685625000000001,0.02685625000000001,0.02685625000000001,],
[0.6879800000000001,0.03466888888888889,0.03466888888888889,0.03466888888888889,0.03466888888888889,0.03466888888888889,0.03466888888888889,0.03466888888888889,0.03466888888888889,0.03466888888888889,],
[0.5258200000000002,0.047418,0.047418,0.047418,0.047418,0.047418,0.047418,0.047418,0.047418,0.047418,0.047418,],
[0.9743000000000002,0.0257,],
[0.9096600000000001,0.04517000000000001,0.04517000000000001,],
[0.90681,0.03106333333333334,0.03106333333333334,0.03106333333333334,],
[0.80549,0.0486275,0.0486275,0.0486275,0.0486275,],
[0.80633,0.038734,0.038734,0.038734,0.038734,0.038734,],
[0.7790400000000001,0.03682666666666667,0.03682666666666667,0.03682666666666667,0.03682666666666667,0.03682666666666667,0.03682666666666667,],
[0.6711000000000001,0.04698571428571429,0.04698571428571429,0.04698571428571429,0.04698571428571429,0.04698571428571429,0.04698571428571429,0.04698571428571429,],
[0.6835900000000001,0.03955125000000001,0.03955125000000001,0.03955125000000001,0.03955125000000001,0.03955125000000001,0.03955125000000001,0.03955125000000001,0.03955125000000001,],
[0.7058000000000001,0.03268888888888889,0.03268888888888889,0.03268888888888889,0.03268888888888889,0.03268888888888889,0.03268888888888889,0.03268888888888889,0.03268888888888889,0.03268888888888889,],
[0.62963,0.037037,0.037037,0.037037,0.037037,0.037037,0.037037,0.037037,0.037037,0.037037,0.037037,],
[0.9792000000000001,0.0208,],
[0.94962,0.02519,0.02519,],
[0.93177,0.02274333333333333,0.02274333333333333,0.02274333333333333,],
[0.7753300000000001,0.05616750000000001,0.05616750000000001,0.05616750000000001,0.05616750000000001,],
[0.8096800000000001,0.038064,0.038064,0.038064,0.038064,0.038064,],
[0.8160700000000001,0.030655,0.030655,0.030655,0.030655,0.030655,0.030655,],
[0.7975800000000001,0.02891714285714286,0.02891714285714286,0.02891714285714286,0.02891714285714286,0.02891714285714286,0.02891714285714286,0.02891714285714286,],
[0.6355900000000001,0.04555125000000001,0.04555125000000001,0.04555125000000001,0.04555125000000001,0.04555125000000001,0.04555125000000001,0.04555125000000001,0.04555125000000001,],
[0.6838400000000001,0.03512888888888889,0.03512888888888889,0.03512888888888889,0.03512888888888889,0.03512888888888889,0.03512888888888889,0.03512888888888889,0.03512888888888889,0.03512888888888889,],
[0.6382400000000001,0.036176,0.036176,0.036176,0.036176,0.036176,0.036176,0.036176,0.036176,0.036176,0.036176,],
[0.9839900000000001,0.01601,],
[0.9330200000000002,0.03349000000000001,0.03349000000000001,],
[0.85611,0.04796333333333333,0.04796333333333333,0.04796333333333333,],
[0.8092400000000002,0.04769000000000001,0.04769000000000001,0.04769000000000001,0.04769000000000001,],
[0.8492000000000001,0.03016,0.03016,0.03016,0.03016,0.03016,],
[0.8577700000000001,0.023705,0.023705,0.023705,0.023705,0.023705,0.023705,],
[0.69767,0.04319,0.04319,0.04319,0.04319,0.04319,0.04319,0.04319,],
[0.71433,0.03570875000000001,0.03570875000000001,0.03570875000000001,0.03570875000000001,0.03570875000000001,0.03570875000000001,0.03570875000000001,0.03570875000000001,],
[0.6643000000000001,0.03729999999999999,0.03729999999999999,0.03729999999999999,0.03729999999999999,0.03729999999999999,0.03729999999999999,0.03729999999999999,0.03729999999999999,0.03729999999999999,],
[0.61907,0.038093,0.038093,0.038093,0.038093,0.038093,0.038093,0.038093,0.038093,0.038093,0.038093,],
[0.9706100000000001,0.02939,],
[0.95001,0.024995,0.024995,],
[0.7912500000000001,0.06958333333333333,0.06958333333333333,0.06958333333333333,],
[0.8328100000000001,0.04179750000000001,0.04179750000000001,0.04179750000000001,0.04179750000000001,],
[0.8230200000000001,0.035396,0.035396,0.035396,0.035396,0.035396,],
[0.86713,0.022145,0.022145,0.022145,0.022145,0.022145,0.022145,],
[0.66008,0.04856,0.04856,0.04856,0.04856,0.04856,0.04856,0.04856,],
[0.5538600000000001,0.0557675,0.0557675,0.0557675,0.0557675,0.0557675,0.0557675,0.0557675,0.0557675,],
[0.74165,0.02870555555555556,0.02870555555555556,0.02870555555555556,0.02870555555555556,0.02870555555555556,0.02870555555555556,0.02870555555555556,0.02870555555555556,0.02870555555555556,],
[0.6018900000000001,0.03981100000000001,0.03981100000000001,0.03981100000000001,0.03981100000000001,0.03981100000000001,0.03981100000000001,0.03981100000000001,0.03981100000000001,0.03981100000000001,0.03981100000000001,],
[0.8894200000000001,0.11058,],
[0.91327,0.04336500000000001,0.04336500000000001,],
[0.8731400000000001,0.04228666666666666,0.04228666666666666,0.04228666666666666,],
[0.80866,0.047835,0.047835,0.047835,0.047835,],
[0.80139,0.039722,0.039722,0.039722,0.039722,0.039722,],
[0.7706000000000002,0.03823333333333333,0.03823333333333333,0.03823333333333333,0.03823333333333333,0.03823333333333333,0.03823333333333333,],
[0.7473,0.03610000000000001,0.03610000000000001,0.03610000000000001,0.03610000000000001,0.03610000000000001,0.03610000000000001,0.03610000000000001,],
[0.6334500000000001,0.04581875000000001,0.04581875000000001,0.04581875000000001,0.04581875000000001,0.04581875000000001,0.04581875000000001,0.04581875000000001,0.04581875000000001,],
[0.6147400000000001,0.04280666666666667,0.04280666666666667,0.04280666666666667,0.04280666666666667,0.04280666666666667,0.04280666666666667,0.04280666666666667,0.04280666666666667,0.04280666666666667,],
[0.6559400000000001,0.03440599999999999,0.03440599999999999,0.03440599999999999,0.03440599999999999,0.03440599999999999,0.03440599999999999,0.03440599999999999,0.03440599999999999,0.03440599999999999,0.03440599999999999,],
[0.96487,0.03513000000000001,],
[0.86595,0.06702500000000002,0.06702500000000002,],
[0.9293000000000001,0.02356666666666666,0.02356666666666666,0.02356666666666666,],
[0.6602,0.08495000000000001,0.08495000000000001,0.08495000000000001,0.08495000000000001,],
[0.79571,0.04085800000000001,0.04085800000000001,0.04085800000000001,0.04085800000000001,0.04085800000000001,],
[0.8323800000000001,0.02793666666666667,0.02793666666666667,0.02793666666666667,0.02793666666666667,0.02793666666666667,0.02793666666666667,],
[0.76641,0.03337,0.03337,0.03337,0.03337,0.03337,0.03337,0.03337,],
[0.6820800000000001,0.03974,0.03974,0.03974,0.03974,0.03974,0.03974,0.03974,0.03974,],
[0.71361,0.03182111111111111,0.03182111111111111,0.03182111111111111,0.03182111111111111,0.03182111111111111,0.03182111111111111,0.03182111111111111,0.03182111111111111,0.03182111111111111,],
[0.74148,0.025852,0.025852,0.025852,0.025852,0.025852,0.025852,0.025852,0.025852,0.025852,0.025852,],
[0.9695800000000001,0.03042,],
[0.9282200000000002,0.03589000000000001,0.03589000000000001,],
[0.90159,0.03280333333333334,0.03280333333333334,0.03280333333333334,],
[0.88527,0.0286825,0.0286825,0.0286825,0.0286825,],
[0.8091000000000002,0.03817999999999999,0.03817999999999999,0.03817999999999999,0.03817999999999999,0.03817999999999999,],
[0.71904,0.04682666666666666,0.04682666666666666,0.04682666666666666,0.04682666666666666,0.04682666666666666,0.04682666666666666,],
[0.6710100000000001,0.04699857142857143,0.04699857142857143,0.04699857142857143,0.04699857142857143,0.04699857142857143,0.04699857142857143,0.04699857142857143,],
[0.71818,0.03522750000000001,0.03522750000000001,0.03522750000000001,0.03522750000000001,0.03522750000000001,0.03522750000000001,0.03522750000000001,0.03522750000000001,],
[0.8412600000000001,0.01763777777777778,0.01763777777777778,0.01763777777777778,0.01763777777777778,0.01763777777777778,0.01763777777777778,0.01763777777777778,0.01763777777777778,0.01763777777777778,],
[0.5300300000000001,0.046997,0.046997,0.046997,0.046997,0.046997,0.046997,0.046997,0.046997,0.046997,0.046997,],
[0.9151800000000001,0.08482000000000002,],
[0.9099200000000001,0.04504,0.04504,],
[0.8014200000000001,0.06619333333333334,0.06619333333333334,0.06619333333333334,],
[0.84196,0.03951,0.03951,0.03951,0.03951,],
[0.86515,0.02697,0.02697,0.02697,0.02697,0.02697,],
[0.7982800000000001,0.03362,0.03362,0.03362,0.03362,0.03362,0.03362,],
[0.87756,0.01749142857142857,0.01749142857142857,0.01749142857142857,0.01749142857142857,0.01749142857142857,0.01749142857142857,0.01749142857142857,],
[0.7071200000000001,0.03661,0.03661,0.03661,0.03661,0.03661,0.03661,0.03661,0.03661,],
[0.57391,0.04734333333333333,0.04734333333333333,0.04734333333333333,0.04734333333333333,0.04734333333333333,0.04734333333333333,0.04734333333333333,0.04734333333333333,0.04734333333333333,],
[0.6439800000000001,0.035602,0.035602,0.035602,0.035602,0.035602,0.035602,0.035602,0.035602,0.035602,0.035602,],
[0.9144800000000001,0.08552000000000001,],
[0.9640600000000001,0.01797,0.01797,],
[0.9091800000000001,0.03027333333333333,0.03027333333333333,0.03027333333333333,],
[0.76487,0.05878250000000001,0.05878250000000001,0.05878250000000001,0.05878250000000001,],
[0.87119,0.025762,0.025762,0.025762,0.025762,0.025762,],
[0.84152,0.02641333333333333,0.02641333333333333,0.02641333333333333,0.02641333333333333,0.02641333333333333,0.02641333333333333,],
[0.7205800000000001,0.03991714285714287,0.03991714285714287,0.03991714285714287,0.03991714285714287,0.03991714285714287,0.03991714285714287,0.03991714285714287,],
[0.7306300000000001,0.03367125000000001,0.03367125000000001,0.03367125000000001,0.03367125000000001,0.03367125000000001,0.03367125000000001,0.03367125000000001,0.03367125000000001,],
[0.7528500000000001,0.02746111111111111,0.02746111111111111,0.02746111111111111,0.02746111111111111,0.02746111111111111,0.02746111111111111,0.02746111111111111,0.02746111111111111,0.02746111111111111,],
[0.8365899999999999,0.016341,0.016341,0.016341,0.016341,0.016341,0.016341,0.016341,0.016341,0.016341,0.016341,],
[0.9349700000000001,0.06503000000000002,],
[0.8396600000000001,0.08017000000000001,0.08017000000000001,],
[0.79859,0.06713666666666666,0.06713666666666666,0.06713666666666666,],
[0.79567,0.05108250000000001,0.05108250000000001,0.05108250000000001,0.05108250000000001,],
[0.81386,0.037228,0.037228,0.037228,0.037228,0.037228,],
[0.74855,0.04190833333333333,0.04190833333333333,0.04190833333333333,0.04190833333333333,0.04190833333333333,0.04190833333333333,],
[0.64741,0.05037000000000001,0.05037000000000001,0.05037000000000001,0.05037000000000001,0.05037000000000001,0.05037000000000001,0.05037000000000001,],
[0.64251,0.04468625,0.04468625,0.04468625,0.04468625,0.04468625,0.04468625,0.04468625,0.04468625,],
[0.7228000000000001,0.0308,0.0308,0.0308,0.0308,0.0308,0.0308,0.0308,0.0308,0.0308,],
[0.6141800000000001,0.038582,0.038582,0.038582,0.038582,0.038582,0.038582,0.038582,0.038582,0.038582,0.038582,],
[0.9384000000000001,0.06160000000000001,],
[0.9407200000000001,0.02964,0.02964,],
[0.90955,0.03015,0.03015,0.03015,],
[0.92013,0.0199675,0.0199675,0.0199675,0.0199675,],
[0.8299900000000001,0.034002,0.034002,0.034002,0.034002,0.034002,],
[0.82283,0.02952833333333333,0.02952833333333333,0.02952833333333333,0.02952833333333333,0.02952833333333333,0.02952833333333333,],
[0.61858,0.05448857142857143,0.05448857142857143,0.05448857142857143,0.05448857142857143,0.05448857142857143,0.05448857142857143,0.05448857142857143,],
[0.70052,0.037435,0.037435,0.037435,0.037435,0.037435,0.037435,0.037435,0.037435,],
[0.6276,0.04137777777777777,0.04137777777777777,0.04137777777777777,0.04137777777777777,0.04137777777777777,0.04137777777777777,0.04137777777777777,0.04137777777777777,0.04137777777777777,],
[0.5681600000000001,0.043184,0.043184,0.043184,0.043184,0.043184,0.043184,0.043184,0.043184,0.043184,0.043184,],
[0.9386200000000001,0.06138,],
[0.87746,0.06127000000000001,0.06127000000000001,],
[0.8922800000000001,0.03590666666666667,0.03590666666666667,0.03590666666666667,],
[0.8414,0.03965,0.03965,0.03965,0.03965,],
[0.6497800000000001,0.07004400000000001,0.07004400000000001,0.07004400000000001,0.07004400000000001,0.07004400000000001,],
[0.77793,0.03701166666666667,0.03701166666666667,0.03701166666666667,0.03701166666666667,0.03701166666666667,0.03701166666666667,],
[0.72679,0.03903000000000001,0.03903000000000001,0.03903000000000001,0.03903000000000001,0.03903000000000001,0.03903000000000001,0.03903000000000001,],
[0.7375400000000001,0.03280750000000001,0.03280750000000001,0.03280750000000001,0.03280750000000001,0.03280750000000001,0.03280750000000001,0.03280750000000001,0.03280750000000001,],
[0.7693400000000001,0.02562888888888889,0.02562888888888889,0.02562888888888889,0.02562888888888889,0.02562888888888889,0.02562888888888889,0.02562888888888889,0.02562888888888889,0.02562888888888889,],
[0.64041,0.035959,0.035959,0.035959,0.035959,0.035959,0.035959,0.035959,0.035959,0.035959,0.035959,],
[0.94668,0.05332000000000001,],
[0.9401900000000001,0.029905,0.029905,],
[0.9119400000000001,0.02935333333333333,0.02935333333333333,0.02935333333333333,],
[0.8773500000000001,0.0306625,0.0306625,0.0306625,0.0306625,],
[0.82061,0.03587799999999999,0.03587799999999999,0.03587799999999999,0.03587799999999999,0.03587799999999999,],
[0.7721300000000001,0.03797833333333333,0.03797833333333333,0.03797833333333333,0.03797833333333333,0.03797833333333333,0.03797833333333333,],
[0.6518800000000001,0.04973142857142857,0.04973142857142857,0.04973142857142857,0.04973142857142857,0.04973142857142857,0.04973142857142857,0.04973142857142857,],
[0.61472,0.04816000000000001,0.04816000000000001,0.04816000000000001,0.04816000000000001,0.04816000000000001,0.04816000000000001,0.04816000000000001,0.04816000000000001,],
[0.5952000000000001,0.04497777777777778,0.04497777777777778,0.04497777777777778,0.04497777777777778,0.04497777777777778,0.04497777777777778,0.04497777777777778,0.04497777777777778,0.04497777777777778,],
[0.67083,0.032917,0.032917,0.032917,0.032917,0.032917,0.032917,0.032917,0.032917,0.032917,0.032917,],
[0.9669800000000001,0.03302000000000001,],
[0.9313400000000001,0.03433000000000001,0.03433000000000001,],
[0.8928400000000001,0.03572,0.03572,0.03572,],
[0.8052400000000001,0.04869,0.04869,0.04869,0.04869,],
[0.84458,0.031084,0.031084,0.031084,0.031084,0.031084,],
[0.7415,0.04308333333333333,0.04308333333333333,0.04308333333333333,0.04308333333333333,0.04308333333333333,0.04308333333333333,],
[0.7555600000000001,0.03492,0.03492,0.03492,0.03492,0.03492,0.03492,0.03492,],
[0.7314200000000002,0.03357250000000001,0.03357250000000001,0.03357250000000001,0.03357250000000001,0.03357250000000001,0.03357250000000001,0.03357250000000001,0.03357250000000001,],
[0.5571700000000001,0.04920333333333334,0.04920333333333334,0.04920333333333334,0.04920333333333334,0.04920333333333334,0.04920333333333334,0.04920333333333334,0.04920333333333334,0.04920333333333334,],
[0.6767500000000001,0.032325,0.032325,0.032325,0.032325,0.032325,0.032325,0.032325,0.032325,0.032325,0.032325,],
[0.5000000000000001,0.5000000000000001,],
[0.41053,0.58947,],
[0.4624800000000001,0.53752,],
[0.4822,0.5178000000000001,],
[0.5505500000000001,0.4494500000000001,],
[0.4080900000000001,0.5919100000000002,],
[0.57839,0.42161,],
[0.47296,0.5270400000000001,],
[0.4599,0.5401,],
[0.5469200000000001,0.45308,],
[0.54339,0.45661,],
[0.5000000000000001,0.5000000000000001,],
[0.4477700000000001,0.5522300000000001,],
[0.5890800000000002,0.41092,],
[0.5945800000000001,0.4054200000000001,],
[0.45161,0.5483900000000002,],
[0.43746,0.5625400000000002,],
[0.4535500000000001,0.5464500000000001,],
[0.5892500000000001,0.41075,],
[0.5651100000000001,0.43489,],
[0.5535600000000002,0.44644,],
[0.45907,0.54093,],
[0.5000000000000001,0.5000000000000001,],
[0.5333000000000001,0.4667000000000001,],
[0.5980400000000001,0.40196,],
[0.50351,0.49649,],
[0.3828800000000001,0.6171200000000001,],
[0.48225,0.5177500000000002,],
[0.5304500000000002,0.4695500000000001,],
[0.53699,0.46301,],
[0.5311800000000002,0.4688200000000001,],
[0.50127,0.4987300000000001,],
[0.5384700000000001,0.4615300000000001,],
[0.5000000000000001,0.5000000000000001,],
[0.53732,0.46268,],
[0.47251,0.5274900000000001,],
[0.4505400000000001,0.5494600000000001,],
[0.4844000000000001,0.5156000000000001,],
[0.50157,0.4984300000000001,],
[0.5275800000000003,0.4724200000000001,],
[0.56937,0.43063,],
[0.45124,0.5487600000000001,],
[0.4448900000000001,0.5551100000000001,],
[0.5074500000000001,0.49255,],
[0.5000000000000001,0.5000000000000001,],
[0.4954400000000001,0.5045600000000001,],
[0.5258000000000002,0.4742,],
[0.5215400000000001,0.47846,],
[0.5713400000000002,0.42866,],
[0.5664000000000001,0.4336,],
[0.4581,0.5419,],
[0.5189900000000001,0.48101,],
[0.4086900000000001,0.59131,],
[0.52697,0.47303,],
[0.4650600000000001,0.5349400000000001,],
[0.5000000000000001,0.5000000000000001,],
[0.4264700000000001,0.57353,],
[0.5419,0.4581,],
[0.5488000000000001,0.4512,],
[0.53401,0.4659900000000001,],
[0.5939200000000001,0.4060800000000001,],
[0.3578500000000001,0.6421500000000001,],
[0.4637100000000001,0.53629,],
[0.39776,0.6022400000000001,],
[0.5422600000000001,0.45774,],
[0.5708000000000001,0.4292000000000001,],
[0.5000000000000001,0.5000000000000001,],
[0.43201,0.5679900000000001,],
[0.47256,0.5274400000000001,],
[0.4689000000000001,0.5311000000000002,],
[0.45491,0.54509,],
[0.5230300000000001,0.47697,],
[0.59119,0.4088100000000001,],
[0.51169,0.4883100000000001,],
[0.41795,0.5820500000000001,],
[0.5661200000000002,0.43388,],
[0.37105,0.62895,],
[0.5000000000000001,0.5000000000000001,],
[0.52141,0.47859,],
[0.49398,0.50602,],
[0.4405100000000001,0.55949,],
[0.4949900000000001,0.5050100000000001,],
[0.37991,0.62009,],
[0.5019500000000001,0.4980500000000001,],
[0.48189,0.5181100000000001,],
[0.5215100000000001,0.47849,],
[0.6227900000000001,0.37721,],
[0.5620700000000001,0.43793,],
[0.5000000000000001,0.5000000000000001,],
[0.4291500000000001,0.5708500000000001,],
[0.50927,0.4907300000000001,],
[0.49764,0.5023600000000001,],
[0.4549,0.5451,],
[0.468,0.5320000000000001,],
[0.4205700000000001,0.5794300000000001,],
[0.41704,0.58296,],
[0.53917,0.4608300000000001,],
[0.5318600000000001,0.4681400000000001,],
[0.4288500000000001,0.5711500000000002,],
[0.5000000000000001,0.5000000000000001,],
[0.5000000000000001,0.5000000000000001,],
[0.5272400000000002,0.47276,],
[0.5218100000000001,0.4781900000000001,],
[0.4710300000000001,0.5289700000000001,],
[0.58567,0.41433,],
[0.4883100000000001,0.51169,],
[0.47732,0.5226800000000001,],
[0.5082200000000001,0.4917800000000001,],
[0.4926,0.5074000000000002,],
[0.5691200000000002,0.43088,],
[0.5071900000000001,0.4928100000000001,],
[0.5000000000000001,0.5000000000000001,],
[0.4887900000000001,0.5112100000000001,],
[0.5403400000000002,0.4596600000000001,],
[0.45538,0.5446200000000001,],
[0.43644,0.5635600000000002,],
[0.57315,0.4268500000000001,],
[0.5236000000000001,0.4764,],
[0.6089400000000001,0.39106,],
[0.43241,0.5675900000000001,],
[0.5962499999999999,0.4037500000000001,],
[0.46788,0.5321200000000001,],
[0.5000000000000001,0.5000000000000001,],
[0.59811,0.40189,],
[0.6254000000000001,0.3746,],
[0.4266,0.5734000000000001,],
[0.6248400000000002,0.37516,],
[0.6251100000000001,0.37489,],
[0.5100700000000001,0.48993,],
[0.5200900000000001,0.47991,],
[0.5369200000000001,0.46308,],
[0.6579400000000001,0.3420600000000001,],
[0.5292700000000001,0.47073,],
[0.5000000000000001,0.5000000000000001,],
[0.5329700000000001,0.4670300000000001,],
[0.4932300000000001,0.5067700000000001,],
[0.4851200000000001,0.5148800000000001,],
[0.5901400000000001,0.4098600000000001,],
[0.4020500000000001,0.5979500000000001,],
[0.62987,0.37013,],
[0.6154000000000001,0.3846000000000001,],
[0.5684900000000002,0.4315100000000001,],
[0.5551200000000001,0.4448800000000001,],
[0.50177,0.4982300000000001,],
[0.5000000000000001,0.5000000000000001,],
[0.5052000000000001,0.4948000000000001,],
[0.6041200000000001,0.39588,],
[0.46201,0.5379900000000001,],
[0.4407400000000001,0.5592600000000002,],
[0.5113800000000001,0.4886200000000001,],
[0.43326,0.5667400000000001,],
[0.6005800000000001,0.3994200000000001,],
[0.5435500000000001,0.45645,],
[0.4275700000000001,0.5724300000000001,],
[0.58785,0.41215,],
[0.5000000000000001,0.5000000000000001,],
[0.62841,0.37159,],
[0.5247800000000001,0.47522,],
[0.46198,0.5380200000000001,],
[0.43183,0.5681700000000001,],
[0.46449,0.53551,],
[0.4431600000000001,0.5568400000000001,],
[0.5708900000000001,0.4291100000000001,],
[0.5787600000000002,0.4212400000000001,],
[0.57659,0.42341,],
[0.5184400000000001,0.48156,],
[0.5000000000000001,0.5000000000000001,],
[0.5394300000000001,0.46057,],
[0.52969,0.4703100000000001,],
[0.6519000000000001,0.3481000000000001,],
[0.4904000000000001,0.5096000000000002,],
[0.5810000000000001,0.419,],
[0.5402100000000001,0.4597900000000001,],
[0.4801500000000001,0.5198500000000001,],
[0.69641,0.3035900000000001,],
[0.52141,0.47859,],
[0.5410700000000001,0.45893,],
[0.5000000000000001,0.5000000000000001,],
[0.49093,0.50907,],
[0.51619,0.48381,],
[0.5435000000000001,0.4565,],
[0.47385,0.5261500000000001,],
[0.54769,0.45231,],
[0.536,0.464,],
[0.5158700000000001,0.4841300000000001,],
[0.4469100000000001,0.5530900000000001,],
[0.5482300000000001,0.45177,],
[0.4142,0.5858000000000001,],
[0.5000000000000001,0.5000000000000001,],
[0.5951600000000001,0.40484,],
[0.5742800000000001,0.42572,],
[0.5147200000000002,0.48528,],
[0.5260700000000001,0.47393,],
[0.5715500000000001,0.4284500000000001,],
[0.57795,0.42205,],
[0.47688,0.5231200000000001,],
[0.7173600000000001,0.2826400000000001,],
[0.5386200000000001,0.4613800000000001,],
[0.5178900000000001,0.48211,],
[0.5000000000000001,0.5000000000000001,],
[0.5000000000000001,0.5000000000000001,],
[0.5323300000000001,0.4676700000000001,],
[0.4092300000000001,0.59077,],
[0.3753000000000001,0.6247000000000001,],
[0.43408,0.5659200000000002,],
[0.5437200000000001,0.45628,],
[0.5508400000000001,0.44916,],
[0.4967900000000001,0.50321,],
[0.39381,0.60619,],
[0.4143500000000001,0.58565,],
[0.4892600000000001,0.5107400000000001,],
[0.5000000000000001,0.5000000000000001,],
[0.4920800000000001,0.50792,],
[0.36932,0.6306800000000001,],
[0.4996900000000001,0.50031,],
[0.4415500000000001,0.5584500000000001,],
[0.48878,0.5112200000000001,],
[0.4039900000000001,0.59601,],
[0.4302,0.5698000000000002,],
[0.54471,0.45529,],
[0.55261,0.4473900000000001,],
[0.48124,0.5187600000000001,],
[0.5000000000000001,0.5000000000000001,],
[0.4270300000000001,0.5729700000000001,],
[0.48353,0.5164700000000001,],
[0.5144200000000001,0.4855800000000001,],
[0.5210000000000001,0.479,],
[0.44402,0.5559800000000001,],
[0.3419300000000001,0.65807,],
[0.49172,0.5082800000000001,],
[0.5211000000000001,0.4789,],
[0.38509,0.6149100000000001,],
[0.31932,0.6806800000000001,],
[0.5000000000000001,0.5000000000000001,],
[0.5275600000000003,0.47244,],
[0.5115400000000001,0.4884600000000001,],
[0.3599500000000001,0.6400500000000001,],
[0.4319,0.5681,],
[0.45676,0.5432400000000002,],
[0.4523,0.5477000000000001,],
[0.41782,0.58218,],
[0.5200200000000001,0.47998,],
[0.46844,0.5315600000000001,],
[0.41581,0.5841900000000001,],
[0.5000000000000001,0.5000000000000001,],
[0.5025000000000001,0.4975000000000001,],
[0.4931300000000001,0.50687,],
[0.4959300000000001,0.50407,],
[0.5309800000000001,0.46902,],
[0.5500400000000001,0.44996,],
[0.45367,0.54633,],
[0.47542,0.52458,],
[0.3847800000000001,0.6152200000000001,],
[0.5062300000000001,0.49377,],
[0.5668200000000001,0.43318,],
[0.5000000000000001,0.5000000000000001,],
[0.6241,0.3759,],
[0.67208,0.32792,],
[0.4667100000000001,0.53329,],
[0.4470100000000001,0.5529900000000001,],
[0.4900100000000001,0.5099900000000002,],
[0.4052200000000001,0.5947800000000002,],
[0.4522700000000001,0.5477300000000001,],
[0.42372,0.5762800000000001,],
[0.3861000000000001,0.6139000000000001,],
[0.44536,0.55464,],
[0.5000000000000001,0.5000000000000001,],
[0.3593500000000001,0.6406500000000001,],
[0.48209,0.5179100000000001,],
[0.44404,0.5559600000000001,],
[0.3968,0.6032000000000001,],
[0.5319800000000001,0.46802,],
[0.5647000000000002,0.4353000000000001,],
[0.54001,0.4599900000000001,],
[0.53354,0.46646,],
[0.41834,0.5816600000000002,],
[0.49372,0.5062800000000001,],
[0.5000000000000001,0.5000000000000001,],
[0.49748,0.5025200000000001,],
[0.5334300000000001,0.46657,],
[0.45972,0.5402800000000001,],
[0.57808,0.42192,],
[0.4084900000000001,0.5915100000000001,],
[0.45814,0.54186,],
[0.50139,0.4986100000000001,],
[0.5250600000000002,0.47494,],
[0.43721,0.5627900000000001,],
[0.4411,0.5589000000000002,],
[0.5000000000000001,0.5000000000000001,],
[0.5253400000000003,0.47466,],
[0.5228600000000002,0.47714,],
[0.47778,0.5222200000000001,],
[0.58325,0.4167500000000001,],
[0.5634700000000001,0.43653,],
[0.41601,0.5839900000000001,],
[0.5101500000000001,0.4898500000000001,],
[0.5086200000000001,0.49138,],
[0.5406200000000001,0.45938,],
[0.5597500000000001,0.44025,],
[0.5000000000000001,0.5000000000000001,],
[0.5000000000000001,0.5000000000000001,],
[0.48916,0.5108400000000001,],
[0.5764800000000001,0.42352,],
[0.58299,0.41701,],
[0.5481600000000001,0.45184,],
[0.42606,0.5739400000000001,],
[0.41361,0.5863900000000001,],
[0.4097000000000001,0.5903000000000002,],
[0.5277400000000002,0.47226,],
[0.4060900000000001,0.59391,],
[0.45336,0.54664,],
[0.5000000000000001,0.5000000000000001,],
[0.43346,0.5665400000000002,],
[0.5121500000000001,0.4878500000000001,],
[0.59277,0.4072300000000001,],
[0.53401,0.4659900000000001,],
[0.5029800000000001,0.4970200000000001,],
[0.43483,0.5651700000000001,],
[0.4292700000000001,0.5707300000000001,],
[0.46532,0.53468,],
[0.61857,0.38143,],
[0.5052400000000001,0.49476,],
[0.5000000000000001,0.5000000000000001,],
[0.4496200000000001,0.5503800000000001,],
[0.5071400000000001,0.4928600000000001,],
[0.5235000000000002,0.4765,],
[0.47687,0.5231300000000001,],
[0.38086,0.61914,],
[0.5612700000000002,0.43873,],
[0.4901900000000001,0.5098100000000001,],
[0.4871200000000001,0.5128800000000001,],
[0.4964000000000001,0.5036,],
[0.6233400000000001,0.3766600000000001,],
[0.5000000000000001,0.5000000000000001,],
[0.5812900000000001,0.4187100000000001,],
[0.6151000000000001,0.3849000000000001,],
[0.5074500000000001,0.49255,],
[0.5328600000000001,0.4671400000000001,],
[0.5563400000000002,0.4436600000000001,],
[0.43385,0.5661500000000002,],
[0.4585400000000001,0.5414600000000001,],
[0.5263200000000001,0.47368,],
[0.514,0.486,],
[0.44125,0.5587500000000001,],
[0.5000000000000001,0.5000000000000001,],
[0.5560100000000001,0.4439900000000001,],
[0.45074,0.5492600000000001,],
[0.62319,0.37681,],
[0.5208800000000001,0.47912,],
[0.36449,0.6355100000000001,],
[0.45435,0.5456500000000001,],
[0.47364,0.5263600000000002,],
[0.5240200000000002,0.47598,],
[0.5103500000000001,0.48965,],
[0.4265200000000001,0.5734800000000001,],
[0.5000000000000001,0.5000000000000001,],
[0.5192800000000001,0.48072,],
[0.5870900000000001,0.4129100000000001,],
[0.53444,0.46556,],
[0.45529,0.54471,],
[0.59384,0.4061600000000001,],
[0.39248,0.6075200000000002,],
[0.5044200000000001,0.4955800000000001,],
[0.4489400000000001,0.5510600000000001,],
[0.5883800000000001,0.41162,],
[0.42221,0.57779,],
[0.5000000000000001,0.5000000000000001,],
[0.5991500000000001,0.40085,],
[0.5054800000000002,0.4945200000000001,],
[0.48337,0.51663,],
[0.5186700000000001,0.48133,],
[0.4687500000000001,0.5312500000000001,],
[0.4942300000000001,0.5057700000000001,],
[0.5230900000000002,0.4769100000000001,],
[0.46289,0.53711,],
[0.5102400000000001,0.48976,],
[0.53371,0.46629,],
[0.5000000000000001,0.5000000000000001,],
[0.3648700000000001,0.6351300000000001,],
[0.5130400000000001,0.4869600000000001,],
[0.5560500000000002,0.4439500000000001,],
[0.47861,0.52139,],
[0.5248500000000001,0.4751500000000001,],
[0.47697,0.5230300000000001,],
[0.43287,0.56713,],
[0.5596000000000001,0.4404000000000001,],
[0.4988300000000001,0.50117,],
[0.5130600000000001,0.48694,],
[0.5000000000000001,0.5000000000000001,],
[0.51169,0.4883100000000001,],
[0.4621600000000001,0.5378400000000001,],
[0.62129,0.37871,],
[0.43463,0.56537,],
[0.54203,0.45797,],
[0.5893700000000001,0.41063,],
[0.6105300000000001,0.38947,],
[0.58811,0.41189,],
[0.5976300000000001,0.4023700000000001,],
[0.3988200000000001,0.6011800000000002,],
[0.5000000000000001,0.5000000000000001,],
[0.5000000000000001,0.5000000000000001,],
[0.4841500000000001,0.51585,],
[0.45551,0.54449,],
[0.45314,0.5468600000000001,],
[0.45717,0.54283,],
[0.5890700000000001,0.41093,],
[0.5270600000000001,0.47294,],
[0.55105,0.4489500000000001,],
[0.5225400000000002,0.4774600000000001,],
[0.5084600000000001,0.4915400000000001,],
[0.4879500000000001,0.5120500000000001,],
[0.5000000000000001,0.5000000000000001,],
[0.34908,0.6509200000000002,],
[0.47813,0.5218700000000001,],
[0.4444600000000001,0.5555400000000001,],
[0.5237300000000001,0.4762700000000001,],
[0.4880300000000001,0.51197,],
[0.5256800000000001,0.47432,],
[0.5703100000000001,0.4296900000000001,],
[0.6020900000000001,0.39791,],
[0.6102300000000002,0.38977,],
[0.47146,0.5285400000000002,],
[0.5000000000000001,0.5000000000000001,],
[0.4329500000000001,0.5670500000000001,],
[0.4849100000000001,0.5150900000000002,],
[0.6018000000000002,0.3982000000000001,],
[0.47859,0.52141,],
[0.5646800000000002,0.43532,],
[0.48322,0.5167800000000001,],
[0.5179900000000002,0.48201,],
[0.4931200000000001,0.5068800000000001,],
[0.6162300000000001,0.3837700000000001,],
[0.41042,0.5895800000000001,],
[0.5000000000000001,0.5000000000000001,],
[0.4389,0.5611000000000002,],
[0.50925,0.4907500000000001,],
[0.44653,0.5534700000000001,],
[0.63353,0.3664700000000001,],
[0.3866900000000001,0.6133100000000001,],
[0.54137,0.45863,],
[0.5242200000000001,0.47578,],
[0.4639500000000001,0.53605,],
[0.45733,0.54267,],
[0.5856600000000001,0.41434,],
[0.5000000000000001,0.5000000000000001,],
[0.5345099999999999,0.46549,],
[0.4357800000000001,0.5642200000000002,],
[0.52961,0.4703900000000001,],
[0.5100200000000001,0.48998,],
[0.46258,0.53742,],
[0.43185,0.56815,],
[0.4668100000000001,0.5331900000000001,],
[0.4503,0.5497000000000001,],
[0.6487400000000001,0.35126,],
[0.5662600000000002,0.43374,],
[0.5000000000000001,0.5000000000000001,],
[0.5104700000000001,0.4895300000000001,],
[0.6092600000000001,0.39074,],
[0.5095600000000001,0.49044,],
[0.54442,0.45558,],
[0.4946700000000001,0.5053300000000001,],
[0.4238700000000001,0.57613,],
[0.5026200000000002,0.4973800000000001,],
[0.6299200000000001,0.37008,],
[0.5102700000000001,0.4897300000000001,],
[0.5863900000000001,0.41361,],
[0.5000000000000001,0.5000000000000001,],
[0.4076200000000001,0.5923800000000001,],
[0.4889500000000001,0.51105,],
[0.5025400000000001,0.4974600000000001,],
[0.4930200000000001,0.5069800000000001,],
[0.5275200000000002,0.47248,],
[0.4455100000000001,0.55449,],
[0.38942,0.6105800000000001,],
[0.4841200000000001,0.5158800000000001,],
[0.4519300000000001,0.5480700000000002,],
[0.45124,0.5487600000000001,],
[0.5000000000000001,0.5000000000000001,],
[0.46368,0.53632,],
[0.6311800000000001,0.36882,],
[0.50824,0.4917600000000001,],
[0.6296400000000001,0.37036,],
[0.6056100000000001,0.3943900000000001,],
[0.5897800000000001,0.41022,],
[0.3034100000000001,0.69659,],
[0.57321,0.4267900000000001,],
[0.4034800000000001,0.5965200000000002,],
[0.5673400000000002,0.43266,],
[0.5000000000000001,0.5000000000000001,],
[0.45574,0.5442600000000001,],
[0.47413,0.5258700000000001,],
[0.4836,0.5164000000000001,],
[0.4660400000000001,0.5339600000000001,],
[0.5377000000000001,0.4623,],
[0.5369699999999999,0.4630300000000001,],
[0.6571400000000001,0.3428600000000001,],
[0.5172900000000001,0.4827100000000001,],
[0.6178300000000001,0.3821700000000001,],
[0.42989,0.5701100000000001,],
[0.5000000000000001,0.5000000000000001,],
[0.5000000000000001,0.5000000000000001,],
[0.4297500000000001,0.57025,],
[0.39425,0.6057500000000001,],
[0.5477500000000001,0.45225,],
[0.5056400000000001,0.4943600000000001,],
[0.3957600000000001,0.6042400000000001,],
[0.41017,0.5898300000000001,],
[0.4015400000000001,0.5984600000000001,],
[0.5316500000000001,0.46835,],
[0.4315100000000001,0.5684900000000002,],
[0.3433100000000001,0.65669,],
[0.5000000000000001,0.5000000000000001,],
[0.54667,0.45333,],
[0.5390400000000001,0.46096,],
[0.37013,0.62987,],
[0.45104,0.5489600000000001,],
[0.5322300000000001,0.4677700000000001,],
[0.5046300000000001,0.4953700000000001,],
[0.5266400000000001,0.47336,],
[0.42293,0.57707,],
[0.6012500000000001,0.39875,],
[0.5645000000000001,0.4355000000000001,],
[0.5000000000000001,0.5000000000000001,],
[0.4257100000000001,0.5742900000000001,],
[0.63456,0.36544,],
[0.39147,0.6085300000000001,],
[0.41617,0.5838300000000001,],
[0.3383500000000001,0.6616500000000001,],
[0.39549,0.6045100000000001,],
[0.4857000000000001,0.5143000000000001,],
[0.5919300000000001,0.40807,],
[0.4699900000000001,0.5300100000000001,],
[0.5658700000000001,0.43413,],
[0.5000000000000001,0.5000000000000001,],
[0.3848800000000001,0.61512,],
[0.5105500000000001,0.4894500000000001,],
[0.4685900000000001,0.5314100000000002,],
[0.5149000000000001,0.4851,],
[0.4591,0.5409,],
[0.5153600000000002,0.48464,],
[0.3857900000000001,0.61421,],
[0.46292,0.53708,],
[0.3870700000000001,0.6129300000000001,],
[0.50382,0.4961800000000001,],
[0.5000000000000001,0.5000000000000001,],
[0.5129900000000001,0.4870100000000001,],
[0.4445900000000001,0.5554100000000001,],
[0.37881,0.62119,],
[0.50851,0.49149,],
[0.4791300000000001,0.5208700000000002,],
[0.54721,0.45279,],
[0.5071600000000002,0.4928400000000001,],
[0.4396600000000001,0.5603400000000001,],
[0.3885500000000001,0.61145,],
[0.5649900000000001,0.43501,],
[0.5000000000000001,0.5000000000000001,],
[0.33081,0.6691900000000001,],
[0.5662600000000002,0.43374,],
[0.41477,0.58523,],
[0.47736,0.5226400000000001,],
[0.50363,0.49637,],
[0.4242500000000001,0.57575,],
[0.5728500000000001,0.4271500000000001,],
[0.50761,0.49239,],
[0.5926200000000001,0.4073800000000001,],
[0.46519,0.5348099999999999,],
[0.5000000000000001,0.5000000000000001,],
[0.5703000000000001,0.4297000000000001,],
[0.54475,0.45525,],
[0.5392,0.4608,],
[0.48708,0.5129200000000002,],
[0.5089800000000001,0.4910200000000001,],
[0.54493,0.45507,],
[0.5723300000000001,0.4276700000000001,],
[0.57921,0.4207900000000001,],
[0.44876,0.5512400000000002,],
[0.57645,0.42355,],
[0.5000000000000001,0.5000000000000001,],
[0.5160600000000002,0.4839400000000001,],
[0.50617,0.49383,],
[0.4083500000000001,0.5916500000000001,],
[0.4990000000000001,0.5010000000000001,],
[0.4800900000000001,0.5199100000000002,],
[0.4894500000000001,0.5105500000000001,],
[0.5562400000000001,0.44376,],
[0.5117,0.4883000000000001,],
[0.43257,0.5674300000000001,],
[0.4992100000000001,0.5007900000000001,],
[0.5000000000000001,0.5000000000000001,],
[0.5795000000000001,0.4205,],
[0.4082600000000001,0.5917400000000002,],
[0.58501,0.4149900000000001,],
[0.4296800000000001,0.57032,],
[0.4920300000000001,0.50797,],
[0.4623,0.5377000000000001,],
[0.4665400000000001,0.53346,],
[0.5494100000000001,0.45059,],
[0.40652,0.5934800000000001,],
[0.5332,0.4668,],
[0.5000000000000001,0.5000000000000001,],
[0.5000000000000001,0.5000000000000001,],
[0.5431400000000001,0.45686,],
[0.5018300000000001,0.4981700000000001,],
[0.48246,0.5175400000000001,],
[0.4896800000000001,0.5103200000000001,],
[0.4695800000000001,0.5304200000000002,],
[0.6421200000000001,0.35788,],
[0.4913000000000001,0.5087000000000002,],
[0.55433,0.4456700000000001,],
[0.544,0.456,],
[0.5230600000000002,0.47694,],
[0.5000000000000001,0.5000000000000001,],
[0.34645,0.6535500000000001,],
[0.5250000000000002,0.475,],
[0.57592,0.4240800000000001,],
[0.5908800000000001,0.40912,],
[0.62504,0.37496,],
[0.49505,0.5049500000000001,],
[0.39523,0.6047700000000001,],
[0.5184800000000001,0.4815200000000001,],
[0.4263900000000001,0.5736100000000001,],
[0.4716,0.5284000000000001,],
[0.5000000000000001,0.5000000000000001,],
[0.4936900000000001,0.50631,],
[0.4990600000000001,0.5009400000000001,],
[0.5165200000000001,0.48348,],
[0.5404500000000001,0.4595500000000001,],
[0.5583000000000002,0.4417000000000001,],
[0.4921100000000001,0.5078900000000001,],
[0.61695,0.3830500000000001,],
[0.5826300000000001,0.4173700000000001,],
[0.5597800000000001,0.44022,],
[0.54393,0.45607,],
[0.5000000000000001,0.5000000000000001,],
[0.54169,0.4583100000000001,],
[0.5277300000000001,0.47227,],
[0.4895400000000001,0.5104600000000001,],
[0.5134700000000001,0.4865300000000001,],
[0.5467900000000001,0.4532100000000001,],
[0.6086100000000001,0.39139,],
[0.6009500000000001,0.39905,],
[0.4986600000000001,0.5013400000000001,],
[0.5728500000000001,0.4271500000000001,],
[0.4885900000000001,0.51141,],
[0.5000000000000001,0.5000000000000001,],
[0.5920300000000001,0.4079700000000001,],
[0.544,0.456,],
[0.5126700000000001,0.48733,],
[0.4924100000000001,0.5075900000000001,],
[0.46183,0.53817,],
[0.6022900000000001,0.3977100000000001,],
[0.4436700000000001,0.5563300000000001,],
[0.5953400000000001,0.4046600000000001,],
[0.3870100000000001,0.6129900000000001,],
[0.6435800000000002,0.3564200000000001,],
[0.5000000000000001,0.5000000000000001,],
[0.49078,0.50922,],
[0.4873000000000001,0.5127000000000002,],
[0.54705,0.45295,],
[0.5846600000000001,0.41534,],
[0.4881200000000001,0.5118800000000001,],
[0.5390800000000001,0.4609200000000001,],
[0.54504,0.45496,],
[0.46558,0.53442,],
[0.54144,0.45856,],
[0.47862,0.5213800000000001,],
[0.5000000000000001,0.5000000000000001,],
[0.58952,0.41048,],
[0.4237700000000001,0.5762300000000001,],
[0.5658000000000002,0.4342,],
[0.62641,0.37359,],
[0.5643900000000002,0.4356100000000001,],
[0.4456700000000001,0.55433,],
[0.57823,0.42177,],
[0.5084200000000001,0.4915800000000001,],
[0.4979300000000001,0.5020700000000001,],
[0.57625,0.4237500000000001,],
[0.5000000000000001,0.5000000000000001,],
[0.61939,0.3806100000000001,],
[0.5237900000000001,0.47621,],
[0.53756,0.46244,],
[0.5321100000000001,0.46789,],
[0.5388600000000001,0.46114,],
[0.5919800000000002,0.40802,],
[0.6127000000000002,0.3873000000000001,],
[0.58217,0.41783,],
[0.4812900000000001,0.5187100000000001,],
[0.47028,0.5297200000000001,],
[0.5000000000000001,0.5000000000000001,],
[0.5328400000000001,0.46716,],
[0.44775,0.55225,],
[0.48628,0.5137200000000001,],
[0.4877500000000001,0.5122500000000001,],
[0.58203,0.41797,],
[0.5486500000000001,0.45135,],
[0.4613900000000001,0.53861,],
[0.5277400000000002,0.47226,],
[0.5958100000000001,0.40419,],
[0.5525800000000001,0.44742,],
[0.5000000000000001,0.5000000000000001,],
[0.5000000000000001,0.5000000000000001,],
[0.5074900000000001,0.4925100000000001,],
[0.5611000000000002,0.4389,],
[0.44642,0.5535800000000002,],
[0.6127600000000002,0.38724,],
[0.4706700000000001,0.5293300000000001,],
[0.5599000000000002,0.4401,],
[0.4972600000000001,0.5027400000000001,],
[0.43186,0.5681400000000001,],
[0.5029400000000002,0.4970600000000001,],
[0.43097,0.5690300000000001,],
[0.5000000000000001,0.5000000000000001,],
[0.56264,0.43736,],
[0.3858600000000001,0.6141400000000001,],
[0.62577,0.3742300000000001,],
[0.45312,0.54688,],
[0.5513800000000001,0.4486200000000001,],
[0.39264,0.6073600000000001,],
[0.6092600000000001,0.39074,],
[0.47733,0.5226700000000001,],
[0.41812,0.5818800000000001,],
[0.5971500000000001,0.40285,],
[0.5000000000000001,0.5000000000000001,],
[0.5184600000000001,0.4815400000000001,],
[0.4934300000000001,0.50657,],
[0.61891,0.38109,],
[0.4934300000000001,0.50657,],
[0.45189,0.5481100000000001,],
[0.6281800000000001,0.37182,],
[0.59257,0.4074300000000001,],
[0.39112,0.6088800000000001,],
[0.5034200000000001,0.4965800000000001,],
[0.4629800000000001,0.5370200000000001,],
[0.5000000000000001,0.5000000000000001,],
[0.43437,0.5656300000000001,],
[0.55805,0.4419500000000001,],
[0.5419,0.4581,],
[0.4628200000000001,0.5371800000000001,],
[0.5256300000000002,0.47437,],
[0.45336,0.54664,],
[0.4704700000000001,0.5295300000000001,],
[0.57838,0.4216200000000001,],
[0.57193,0.4280700000000001,],
[0.5077600000000001,0.4922400000000001,],
[0.5000000000000001,0.5000000000000001,],
[0.47861,0.52139,],
[0.5703000000000001,0.4297000000000001,],
[0.48614,0.5138600000000001,],
[0.59877,0.4012300000000001,],
[0.37037,0.62963,],
[0.51656,0.48344,],
[0.5141100000000001,0.48589,],
[0.6177400000000001,0.38226,],
[0.48178,0.5182200000000001,],
[0.50375,0.4962500000000001,],
[0.5000000000000001,0.5000000000000001,],
[0.5075400000000001,0.4924600000000001,],
[0.4327500000000001,0.5672500000000001,],
[0.5868300000000001,0.41317,],
[0.51368,0.48632,],
[0.47237,0.5276300000000002,],
[0.4986900000000001,0.50131,],
[0.43079,0.5692100000000001,],
[0.47704,0.5229600000000001,],
[0.54234,0.45766,],
[0.4884700000000001,0.51153,],
[0.5000000000000001,0.5000000000000001,],
[0.45259,0.5474100000000001,],
[0.44476,0.5552400000000001,],
[0.55983,0.44017,],
[0.3816000000000001,0.6184000000000001,],
[0.49505,0.5049500000000001,],
[0.5265200000000001,0.47348,],
[0.5122200000000002,0.4877800000000001,],
[0.56554,0.43446,],
[0.4445000000000001,0.5555000000000001,],
[0.6269400000000001,0.3730600000000001,],
[0.5000000000000001,0.5000000000000001,],
[0.5622000000000001,0.4378,],
[0.50338,0.4966200000000001,],
[0.5099100000000001,0.49009,],
[0.5157800000000001,0.48422,],
[0.6280500000000001,0.3719500000000001,],
[0.5530800000000001,0.44692,],
[0.5511100000000001,0.4488900000000001,],
[0.5224200000000002,0.4775800000000001,],
[0.6762000000000001,0.3238,],
[0.5121500000000001,0.4878500000000001,],
[0.5000000000000001,0.5000000000000001,],
[0.6355400000000001,0.3644600000000001,],
[0.46096,0.5390400000000001,],
[0.48239,0.5176100000000001,],
[0.56393,0.43607,],
[0.46439,0.53561,],
[0.48455,0.5154500000000001,],
[0.5786100000000001,0.4213900000000001,],
[0.38514,0.6148600000000001,],
[0.6168899999999999,0.3831100000000001,],
[0.48067,0.5193300000000001,],
[0.5000000000000001,0.5000000000000001,],
[0.5000000000000001,0.5000000000000001,],
[0.5053300000000001,0.4946700000000001,],
[0.44432,0.5556800000000002,],
[0.47709,0.5229100000000001,],
[0.4973500000000001,0.50265,],
[0.57625,0.4237500000000001,],
[0.57784,0.42216,],
[0.5720000000000002,0.428,],
[0.57818,0.42182,],
[0.48476,0.5152400000000001,],
[0.469,0.5310000000000001,],
[0.5000000000000001,0.5000000000000001,],
[0.50421,0.4957900000000001,],
[0.48277,0.5172300000000001,],
[0.51497,0.48503,],
[0.43782,0.5621800000000001,],
[0.57789,0.42211,],
[0.5066000000000001,0.4934000000000001,],
[0.39575,0.6042500000000001,],
[0.5203500000000001,0.47965,],
[0.5227800000000002,0.47722,],
[0.4700400000000001,0.5299600000000002,],
[0.5000000000000001,0.5000000000000001,],
[0.4528,0.5472,],
[0.6375200000000001,0.3624800000000001,],
[0.5222700000000001,0.47773,],
[0.65512,0.3448800000000001,],
[0.5704300000000001,0.4295700000000001,],
[0.49365,0.50635,],
[0.6217200000000001,0.37828,],
[0.46185,0.5381500000000001,],
[0.5004500000000001,0.4995500000000001,],
[0.45606,0.5439400000000001,],
[0.5000000000000001,0.5000000000000001,],
[0.48999,0.5100100000000001,],
[0.5248000000000002,0.4752,],
[0.4646,0.5354000000000001,],
[0.42589,0.57411,],
[0.5286000000000002,0.4714,],
[0.43753,0.5624700000000001,],
[0.6077500000000001,0.39225,],
[0.5747800000000001,0.4252200000000001,],
[0.5870300000000001,0.41297,],
[0.47964,0.5203600000000002,],
[0.5000000000000001,0.5000000000000001,],
[0.43634,0.5636600000000002,],
[0.51136,0.48864,],
[0.5838300000000001,0.41617,],
[0.47587,0.5241300000000001,],
[0.5661100000000001,0.43389,],
[0.48978,0.5102200000000001,],
[0.4010600000000001,0.5989400000000001,],
[0.5890400000000001,0.41096,],
[0.4496000000000001,0.5504000000000001,],
[0.3821100000000001,0.6178900000000001,],
[0.5000000000000001,0.5000000000000001,],
[0.5402200000000001,0.4597800000000001,],
[0.5407700000000001,0.45923,],
[0.4457400000000001,0.5542600000000001,],
[0.5763000000000001,0.4237000000000001,],
[0.55776,0.44224,],
[0.5195500000000001,0.48045,],
[0.4695900000000001,0.5304100000000002,],
[0.4236900000000001,0.5763100000000001,],
[0.45297,0.54703,],
[0.4446100000000001,0.5553900000000001,],
[0.5000000000000001,0.5000000000000001,],
[0.39507,0.6049300000000001,],
[0.45789,0.54211,],
[0.5162200000000001,0.48378,],
[0.43614,0.5638600000000001,],
[0.4236300000000001,0.57637,],
[0.4573800000000001,0.5426200000000001,],
[0.50021,0.4997900000000001,],
[0.44243,0.55757,],
[0.4789100000000001,0.5210900000000001,],
[0.66434,0.3356600000000001,],
[0.5000000000000001,0.5000000000000001,],
[0.5596300000000001,0.44037,],
[0.5019000000000001,0.4981000000000001,],
[0.53667,0.46333,],
[0.53489,0.4651100000000001,],
[0.4949000000000001,0.5051000000000001,],
[0.47842,0.5215800000000002,],
[0.5179200000000002,0.48208,],
[0.5642900000000001,0.43571,],
[0.5723600000000002,0.4276400000000001,],
[0.5407500000000001,0.45925,],
[0.5000000000000001,0.5000000000000001,],
[0.6352000000000001,0.3648000000000001,],
[0.4165800000000001,0.58342,],
[0.52719,0.47281,],
[0.44284,0.5571600000000001,],
[0.54113,0.4588700000000001,],
[0.4962900000000001,0.50371,],
[0.6198300000000001,0.3801700000000001,],
[0.46352,0.5364800000000001,],
[0.4966500000000001,0.5033500000000001,],
[0.5466300000000001,0.4533700000000001,],
[0.5000000000000001,0.5000000000000001,],
[0.5000000000000001,0.5000000000000001,],
[0.61688,0.3831200000000001,],
[0.5478200000000001,0.45218,],
[0.4488900000000001,0.5511100000000001,],
[0.4933400000000001,0.50666,],
[0.47093,0.52907,],
[0.45936,0.5406400000000001,],
[0.4454600000000001,0.5545400000000001,],
[0.4446300000000001,0.55537,],
[0.4686500000000001,0.5313500000000001,],
[0.5429400000000002,0.4570600000000001,],
[0.5000000000000001,0.5000000000000001,],
[0.43625,0.5637500000000002,],
[0.4316,0.5684000000000001,],
[0.3840100000000001,0.61599,],
[0.5272100000000001,0.47279,],
[0.54725,0.45275,],
[0.5580800000000001,0.44192,],
[0.5087900000000001,0.49121,],
[0.35395,0.6460500000000001,],
[0.5786000000000001,0.4214000000000001,],
[0.3245900000000001,0.6754100000000001,],
[0.5000000000000001,0.5000000000000001,],
[0.4207500000000001,0.57925,],
[0.46045,0.53955,],
[0.5629400000000001,0.4370600000000001,],
[0.5917100000000001,0.40829,],
[0.5651000000000002,0.4349,],
[0.6204000000000001,0.3796,],
[0.5548200000000001,0.44518,],
[0.5522000000000001,0.4478,],
[0.5067700000000001,0.4932300000000001,],
[0.5565800000000001,0.44342,],
[0.5000000000000001,0.5000000000000001,],
[0.4501800000000001,0.5498200000000001,],
[0.5087000000000002,0.4913000000000001,],
[0.47576,0.52424,],
[0.6085100000000001,0.39149,],
[0.48788,0.5121200000000001,],
[0.6232200000000001,0.3767800000000001,],
[0.5688900000000001,0.43111,],
[0.39445,0.60555,],
[0.5240900000000001,0.47591,],
[0.4991300000000001,0.50087,],
[0.5000000000000001,0.5000000000000001,],
[0.5638000000000002,0.4362,],
[0.5135100000000001,0.4864900000000001,],
[0.4074900000000001,0.5925100000000001,],
[0.5352300000000001,0.4647700000000001,],
[0.5081300000000001,0.4918700000000001,],
[0.54923,0.45077,],
[0.43489,0.5651100000000001,],
[0.5274600000000002,0.47254,],
[0.58319,0.41681,],
[0.3998200000000001,0.6001800000000002,],
[0.5000000000000001,0.5000000000000001,],
[0.4682700000000001,0.5317300000000001,],
[0.5134800000000002,0.4865200000000001,],
[0.37648,0.6235200000000001,],
[0.38647,0.61353,],
[0.4049100000000001,0.5950900000000001,],
[0.47235,0.5276500000000002,],
[0.62509,0.37491,],
[0.5251000000000002,0.4749,],
[0.52905,0.47095,],
[0.6470600000000001,0.35294,],
[0.5000000000000001,0.5000000000000001,],
[0.48464,0.5153600000000002,],
[0.5620900000000001,0.4379100000000001,],
[0.50313,0.4968700000000001,],
[0.5248300000000001,0.47517,],
[0.4521100000000001,0.5478900000000001,],
[0.45799,0.54201,],
[0.5667800000000002,0.43322,],
[0.4679700000000001,0.5320300000000001,],
[0.62175,0.37825,],
[0.54922,0.45078,],
[0.5000000000000001,0.5000000000000001,],
[0.41904,0.58096,],
[0.5874400000000001,0.41256,],
[0.5997800000000001,0.40022,],
[0.4221,0.5779000000000001,],
[0.5579200000000001,0.44208,],
[0.45363,0.54637,],
[0.4421700000000001,0.55783,],
[0.4436200000000001,0.5563800000000002,],
[0.4391600000000001,0.5608400000000002,],
[0.4287500000000001,0.5712500000000001,],
[0.5000000000000001,0.5000000000000001,],
[0.5556800000000002,0.44432,],
[0.5456400000000001,0.45436,],
[0.4293500000000001,0.57065,],
[0.47853,0.5214700000000001,],
[0.42005,0.57995,],
[0.5035800000000001,0.4964200000000001,],
[0.5160200000000001,0.4839800000000001,],
[0.5751000000000001,0.4249000000000001,],
[0.52171,0.47829,],
[0.43953,0.56047,],
[0.5000000000000001,0.5000000000000001,],
[0.5000000000000001,0.5000000000000001,],
[0.4444600000000001,0.5555400000000001,],
[0.5161300000000001,0.4838700000000001,],
[0.5007400000000001,0.4992600000000001,],
[0.5112600000000002,0.4887400000000001,],
[0.43259,0.5674100000000001,],
[0.5899700000000001,0.4100300000000001,],
[0.43924,0.5607600000000001,],
[0.4661600000000001,0.53384,],
[0.67018,0.32982,],
[0.5233700000000001,0.4766300000000001,],
[0.5000000000000001,0.5000000000000001,],
[0.48605,0.51395,],
[0.5834699999999999,0.41653,],
[0.5898600000000001,0.41014,],
[0.4662300000000001,0.53377,],
[0.44709,0.55291,],
[0.5707800000000002,0.4292200000000001,],
[0.5019700000000001,0.4980300000000001,],
[0.5153800000000002,0.4846200000000001,],
[0.5345800000000001,0.4654200000000001,],
[0.4418500000000001,0.5581500000000001,],
[0.5000000000000001,0.5000000000000001,],
[0.4959000000000001,0.5041,],
[0.4887400000000001,0.5112600000000002,],
[0.5559500000000001,0.44405,],
[0.56481,0.43519,],
[0.50848,0.4915200000000001,],
[0.6146900000000001,0.3853100000000001,],
[0.4448,0.5552,],
[0.43219,0.56781,],
[0.4618700000000001,0.5381300000000001,],
[0.5827600000000001,0.41724,],
[0.5000000000000001,0.5000000000000001,],
[0.5582200000000002,0.4417800000000001,],
[0.39791,0.6020900000000001,],
[0.5022300000000001,0.49777,],
[0.43319,0.56681,],
[0.6331800000000002,0.3668200000000001,],
[0.43897,0.5610300000000001,],
[0.4081500000000001,0.5918500000000001,],
[0.36953,0.6304700000000001,],
[0.38876,0.6112400000000001,],
[0.4558300000000001,0.54417,],
[0.5000000000000001,0.5000000000000001,],
[0.5665100000000001,0.43349,],
[0.4668700000000001,0.53313,],
[0.6298900000000001,0.3701100000000001,],
[0.44998,0.5500200000000001,],
[0.6373200000000001,0.3626800000000001,],
[0.65861,0.3413900000000001,],
[0.5482900000000001,0.45171,],
[0.5110200000000001,0.4889800000000001,],
[0.53898,0.46102,],
[0.4158,0.5842000000000002,],
[0.5000000000000001,0.5000000000000001,],
[0.4481300000000001,0.5518700000000001,],
[0.4692600000000001,0.5307400000000002,],
[0.4908500000000001,0.50915,],
[0.60667,0.39333,],
[0.57064,0.4293600000000001,],
[0.59209,0.4079100000000001,],
[0.4626,0.5374,],
[0.38269,0.61731,],
[0.5594300000000001,0.4405700000000001,],
[0.47184,0.5281600000000002,],
[0.5000000000000001,0.5000000000000001,],
[0.6011400000000001,0.39886,],
[0.4534300000000001,0.54657,],
[0.51341,0.4865900000000001,],
[0.5091100000000001,0.49089,],
[0.5372899999999999,0.4627100000000001,],
[0.54633,0.45367,],
[0.46752,0.5324800000000001,],
[0.5461900000000001,0.45381,],
[0.5627700000000001,0.4372300000000001,],
[0.4449100000000001,0.5550900000000001,],
[0.5000000000000001,0.5000000000000001,],
[0.54693,0.45307,],
[0.46832,0.5316800000000002,],
[0.4704100000000001,0.5295900000000001,],
[0.5482600000000001,0.45174,],
[0.5885699999999999,0.41143,],
[0.5430100000000001,0.4569900000000001,],
[0.65896,0.3410400000000001,],
[0.5284200000000001,0.47158,],
[0.43909,0.5609100000000001,],
[0.5328400000000001,0.46716,],
[0.5000000000000001,0.5000000000000001,],
[0.6835000000000001,0.3165000000000001,],
[0.4998200000000001,0.5001800000000001,],
[0.44025,0.5597500000000001,],
[0.44481,0.5551900000000001,],
[0.5512700000000001,0.4487300000000001,],
[0.5747800000000001,0.4252200000000001,],
[0.5648600000000001,0.43514,],
[0.4453,0.5547000000000001,],
[0.5411100000000001,0.45889,],
[0.4897100000000001,0.5102900000000001,],
[0.5000000000000001,0.5000000000000001,],
[0.5000000000000001,0.5000000000000001,],
[0.5170600000000001,0.48294,],
[0.5326900000000001,0.4673100000000001,],
[0.47362,0.5263800000000002,],
[0.39569,0.6043100000000001,],
[0.47721,0.5227900000000002,],
[0.4616,0.5384000000000001,],
[0.3987100000000001,0.60129,],
[0.58796,0.41204,],
[0.43331,0.5666900000000001,],
[0.5276600000000002,0.47234,],
[0.5000000000000001,0.5000000000000001,],
[0.44146,0.5585400000000001,],
[0.5308200000000002,0.46918,],
[0.5281500000000001,0.47185,],
[0.54754,0.45246,],
[0.45424,0.5457600000000001,],
[0.6112200000000001,0.3887800000000001,],
[0.54722,0.45278,],
[0.5457800000000002,0.45422,],
[0.51451,0.48549,],
[0.6097400000000002,0.39026,],
[0.5000000000000001,0.5000000000000001,],
[0.49521,0.5047900000000001,],
[0.53391,0.4660900000000001,],
[0.5219200000000001,0.47808,],
[0.47604,0.5239600000000001,],
[0.5186200000000002,0.4813800000000001,],
[0.5975000000000001,0.4025000000000001,],
[0.5754899999999999,0.4245100000000001,],
[0.41373,0.5862700000000001,],
[0.5384500000000001,0.4615500000000001,],
[0.49093,0.50907,],
[0.5000000000000001,0.5000000000000001,],
[0.5289900000000001,0.47101,],
[0.43083,0.5691700000000002,],
[0.4683100000000001,0.5316900000000001,],
[0.42103,0.57897,],
[0.4934200000000001,0.50658,],
[0.51653,0.4834700000000001,],
[0.3152900000000001,0.6847100000000002,],
[0.50858,0.49142,],
[0.62829,0.37171,],
[0.5731900000000001,0.4268100000000001,],
[0.5000000000000001,0.5000000000000001,],
[0.47325,0.5267500000000001,],
[0.5460900000000001,0.45391,],
[0.53488,0.46512,],
[0.43057,0.5694300000000001,],
[0.5116700000000001,0.48833,],
[0.48423,0.5157700000000001,],
[0.5635100000000002,0.43649,],
[0.5431100000000001,0.45689,],
[0.4863500000000001,0.5136500000000001,],
[0.5177400000000002,0.48226,],
[0.5000000000000001,0.5000000000000001,],
[0.45489,0.54511,],
[0.53647,0.4635300000000001,],
[0.62033,0.3796700000000001,],
[0.45317,0.54683,],
[0.39902,0.6009800000000001,],
[0.47102,0.5289800000000001,],
[0.5084000000000001,0.4916000000000001,],
[0.6516500000000001,0.34835,],
[0.59169,0.4083100000000001,],
[0.54181,0.45819,],
[0.5000000000000001,0.5000000000000001,],
[0.48289,0.5171100000000001,],
[0.5412800000000001,0.45872,],
[0.59621,0.4037900000000001,],
[0.4651100000000001,0.53489,],
[0.5027000000000001,0.4973000000000001,],
[0.45156,0.5484400000000001,],
[0.5436800000000001,0.45632,],
[0.5179100000000001,0.48209,],
[0.6031500000000001,0.39685,],
[0.5071700000000001,0.4928300000000001,],
[0.5000000000000001,0.5000000000000001,],
[0.54248,0.45752,],
[0.47666,0.5233400000000001,],
[0.6087100000000001,0.39129,],
[0.5610300000000001,0.43897,],
[0.45474,0.5452600000000001,],
[0.51117,0.48883,],
[0.5437200000000001,0.45628,],
[0.46434,0.5356600000000001,],
[0.5922600000000001,0.40774,],
[0.4724,0.5276000000000002,],
[0.5000000000000001,0.5000000000000001,],
[0.5290600000000001,0.47094,],
[0.6001500000000001,0.39985,],
[0.5323600000000002,0.4676400000000001,],
[0.5335000000000001,0.4665000000000001,],
[0.46407,0.53593,],
[0.5403700000000001,0.4596300000000001,],
[0.4406600000000001,0.5593400000000002,],
[0.4874600000000001,0.5125400000000002,],
[0.5435700000000001,0.4564300000000001,],
[0.5479900000000001,0.45201,],
[0.5000000000000001,0.5000000000000001,],
[0.5000000000000001,0.5000000000000001,],
[0.46577,0.53423,],
[0.57842,0.4215800000000001,],
[0.5214300000000001,0.47857,],
[0.45491,0.54509,],
[0.5146000000000002,0.4854000000000001,],
[0.4982000000000001,0.5018000000000001,],
[0.54731,0.45269,],
[0.5209100000000001,0.47909,],
[0.45318,0.5468200000000001,],
[0.5865600000000001,0.41344,],
[0.5000000000000001,0.5000000000000001,],
[0.48588,0.5141200000000001,],
[0.55979,0.44021,],
[0.48961,0.5103900000000001,],
[0.5104700000000001,0.4895300000000001,],
[0.363,0.6370000000000001,],
[0.5726600000000002,0.4273400000000001,],
[0.5190300000000001,0.48097,],
[0.50169,0.4983100000000001,],
[0.5151300000000001,0.48487,],
[0.6086400000000001,0.39136,],
[0.5000000000000001,0.5000000000000001,],
[0.6123900000000002,0.3876100000000001,],
[0.5588900000000001,0.4411100000000001,],
[0.4029,0.5971000000000002,],
[0.43316,0.5668400000000001,],
[0.5445400000000001,0.45546,],
[0.5678600000000001,0.43214,],
[0.41889,0.58111,],
[0.41705,0.5829500000000001,],
[0.46029,0.53971,],
[0.46117,0.53883,],
[0.5000000000000001,0.5000000000000001,],
[0.6219800000000001,0.3780200000000001,],
[0.45917,0.54083,],
[0.4803100000000001,0.5196900000000001,],
[0.53241,0.4675900000000001,],
[0.60872,0.39128,],
[0.5661300000000001,0.43387,],
[0.47353,0.5264700000000001,],
[0.5055900000000001,0.4944100000000001,],
[0.55244,0.44756,],
[0.54401,0.4559900000000001,],
[0.5000000000000001,0.5000000000000001,],
[0.5613600000000001,0.43864,],
[0.5556500000000001,0.4443500000000001,],
[0.5231700000000001,0.47683,],
[0.48167,0.5183300000000001,],
[0.50041,0.4995900000000001,],
[0.4865300000000001,0.5134700000000001,],
[0.5286700000000001,0.47133,],
[0.4460100000000001,0.5539900000000001,],
[0.55549,0.4445100000000001,],
[0.4560900000000001,0.5439100000000001,],
[0.5000000000000001,0.5000000000000001,],
[0.5237000000000002,0.4763000000000001,],
[0.5690300000000001,0.43097,],
[0.5283300000000001,0.47167,],
[0.5155600000000001,0.48444,],
[0.4887300000000001,0.5112700000000001,],
[0.5758800000000001,0.4241200000000001,],
[0.44165,0.5583500000000001,],
[0.4637100000000001,0.53629,],
[0.5800500000000001,0.4199500000000001,],
[0.5081300000000001,0.4918700000000001,],
[0.5000000000000001,0.5000000000000001,],
[0.6022400000000001,0.39776,],
[0.5573400000000002,0.4426600000000001,],
[0.5343000000000001,0.4657000000000001,],
[0.5849500000000001,0.41505,],
[0.6000200000000001,0.3999800000000001,],
[0.4994200000000001,0.50058,],
[0.3573700000000001,0.6426300000000001,],
[0.5877000000000001,0.4123000000000001,],
[0.5549200000000001,0.44508,],
[0.5820600000000001,0.41794,],
[0.5000000000000001,0.5000000000000001,],
[0.5055000000000002,0.4945000000000001,],
[0.47178,0.5282200000000002,],
[0.5003000000000001,0.4997000000000001,],
[0.58523,0.41477,],
[0.4455000000000001,0.5545000000000001,],
[0.4492200000000001,0.5507800000000002,],
[0.4289200000000001,0.5710800000000003,],
[0.4798,0.5202000000000002,],
[0.5134600000000001,0.4865400000000001,],
[0.57609,0.4239100000000001,],
[0.5000000000000001,0.5000000000000001,],
[0.5229100000000001,0.47709,],
[0.43177,0.5682300000000001,],
[0.5789500000000001,0.42105,],
[0.6888000000000002,0.3112,],
[0.4697700000000001,0.5302300000000002,],
[0.54988,0.45012,],
[0.4451000000000001,0.5549000000000001,],
[0.6043700000000002,0.3956300000000001,],
[0.57496,0.4250400000000001,],
[0.5321300000000001,0.4678700000000001,],
[0.5000000000000001,0.5000000000000001,],
[0.5000000000000001,0.5000000000000001,],
[0.3813,0.6187,],
[0.6477200000000002,0.35228,],
[0.40324,0.5967600000000002,],
[0.53416,0.46584,],
[0.48201,0.5179900000000002,],
[0.4684900000000001,0.5315100000000001,],
[0.54147,0.45853,],
[0.5497300000000001,0.4502700000000001,],
[0.5443600000000001,0.45564,],
[0.5119600000000001,0.48804,],
[0.5000000000000001,0.5000000000000001,],
[0.6005100000000001,0.3994900000000001,],
[0.5266500000000001,0.47335,],
[0.48478,0.5152200000000001,],
[0.45879,0.54121,],
[0.5089800000000001,0.4910200000000001,],
[0.46262,0.53738,],
[0.5647200000000001,0.4352800000000001,],
[0.4805800000000001,0.5194200000000001,],
[0.6595000000000001,0.3405000000000001,],
[0.5229900000000001,0.47701,],
[0.5000000000000001,0.5000000000000001,],
[0.5151700000000001,0.48483,],
[0.47551,0.52449,],
[0.4280900000000001,0.5719100000000001,],
[0.4257300000000001,0.5742700000000001,],
[0.47232,0.5276800000000001,],
[0.45622,0.54378,],
[0.4693600000000001,0.5306400000000001,],
[0.59872,0.40128,],
[0.5075600000000001,0.49244,],
[0.45568,0.54432,],
[0.5000000000000001,0.5000000000000001,],
[0.5846000000000001,0.4154,],
[0.46051,0.53949,],
[0.4225500000000001,0.57745,],
[0.4636500000000001,0.53635,],
[0.4985500000000001,0.50145,],
[0.5520400000000001,0.44796,],
[0.5491600000000001,0.45084,],
[0.4698900000000001,0.5301100000000002,],
[0.5339700000000001,0.4660300000000001,],
[0.5720400000000002,0.4279600000000001,],
[0.5000000000000001,0.5000000000000001,],
[0.5661200000000002,0.43388,],
[0.48482,0.5151800000000002,],
[0.5558700000000001,0.44413,],
[0.5982800000000001,0.40172,],
[0.4893400000000001,0.5106600000000001,],
[0.55213,0.44787,],
[0.5301200000000003,0.4698800000000001,],
[0.5888600000000002,0.4111400000000001,],
[0.43541,0.56459,],
[0.43516,0.5648400000000001,],
[0.5000000000000001,0.5000000000000001,],
[0.57735,0.4226500000000001,],
[0.4637000000000001,0.5363000000000001,],
[0.4416200000000001,0.5583800000000002,],
[0.47561,0.5243900000000001,],
[0.4971300000000001,0.50287,],
[0.5157400000000002,0.4842600000000001,],
[0.4971200000000001,0.5028800000000001,],
[0.45812,0.54188,],
[0.5502900000000001,0.4497100000000001,],
[0.4039700000000001,0.5960300000000001,],
[0.5000000000000001,0.5000000000000001,],
[0.47951,0.5204900000000001,],
[0.39497,0.6050300000000002,],
[0.5076200000000001,0.49238,],
[0.53944,0.46056,],
[0.51941,0.4805900000000001,],
[0.5134800000000002,0.4865200000000001,],
[0.4752,0.5248000000000002,],
[0.5154100000000001,0.4845900000000001,],
[0.471,0.5290000000000001,],
[0.4985000000000001,0.5015000000000001,],
[0.5000000000000001,0.5000000000000001,],
[0.5503400000000001,0.4496600000000001,],
[0.5471800000000001,0.45282,],
[0.5549200000000001,0.44508,],
[0.5186200000000002,0.4813800000000001,],
[0.4813500000000001,0.5186500000000001,],
[0.50904,0.4909600000000001,],
[0.5537600000000001,0.44624,],
[0.41545,0.5845500000000001,],
[0.6040000000000001,0.396,],
[0.44352,0.5564800000000001,],
[0.5000000000000001,0.5000000000000001,],
[0.6945600000000002,0.30544,],
[0.5390900000000001,0.4609100000000001,],
[0.48012,0.5198800000000002,],
[0.43048,0.5695200000000001,],
[0.5118200000000001,0.4881800000000001,],
[0.5134800000000002,0.4865200000000001,],
[0.59391,0.4060900000000001,],
[0.5324000000000001,0.4676000000000001,],
[0.5457500000000001,0.45425,],
[0.5422800000000001,0.45772,],
[0.5000000000000001,0.5000000000000001,],
[0.5000000000000001,0.5000000000000001,],
[0.4226,0.5774,],
[0.47738,0.5226200000000002,],
[0.44642,0.5535800000000002,],
[0.52457,0.47543,],
[0.5389400000000001,0.4610600000000001,],
[0.5142100000000001,0.4857900000000001,],
[0.38525,0.61475,],
[0.4801500000000001,0.5198500000000001,],
[0.48767,0.5123300000000001,],
[0.45241,0.54759,],
[0.5000000000000001,0.5000000000000001,],
[0.5565200000000001,0.44348,],
[0.5867700000000001,0.41323,],
[0.4958200000000001,0.5041800000000001,],
[0.43381,0.5661900000000001,],
[0.5145600000000001,0.48544,],
[0.47118,0.5288200000000002,],
[0.47984,0.5201600000000002,],
[0.5405200000000001,0.45948,],
[0.5790700000000001,0.42093,],
[0.5849300000000001,0.4150700000000001,],
[0.5000000000000001,0.5000000000000001,],
[0.5463600000000001,0.45364,],
[0.44612,0.5538800000000001,],
[0.4691900000000001,0.5308100000000001,],
[0.57935,0.42065,],
[0.5214000000000001,0.4786,],
[0.4436200000000001,0.5563800000000002,],
[0.62585,0.37415,],
[0.4605900000000001,0.5394100000000001,],
[0.5190400000000001,0.48096,],
[0.5229300000000001,0.47707,],
[0.5000000000000001,0.5000000000000001,],
[0.39201,0.6079900000000001,],
[0.5356500000000001,0.46435,],
[0.5732,0.4268000000000001,],
[0.4937000000000001,0.5063000000000001,],
[0.4673800000000001,0.5326200000000001,],
[0.3873200000000001,0.6126800000000002,],
[0.5658200000000002,0.4341800000000001,],
[0.461,0.539,],
[0.5481500000000001,0.45185,],
[0.5083400000000001,0.4916600000000001,],
[0.5000000000000001,0.5000000000000001,],
[0.6665800000000001,0.33342,],
[0.4002,0.5998000000000001,],
[0.4070300000000001,0.59297,],
[0.46657,0.5334300000000001,],
[0.45788,0.54212,],
[0.5896700000000001,0.41033,],
[0.6498300000000001,0.35017,],
[0.5127900000000001,0.48721,],
[0.58349,0.41651,],
[0.5690800000000001,0.43092,],
[0.5000000000000001,0.5000000000000001,],
[0.4704,0.5296000000000001,],
[0.4920600000000001,0.5079400000000001,],
[0.53443,0.46557,],
[0.39633,0.60367,],
[0.4833500000000001,0.5166500000000001,],
[0.45162,0.5483800000000002,],
[0.46183,0.53817,],
[0.5930000000000001,0.407,],
[0.46173,0.53827,],
[0.4886,0.5114000000000001,],
[0.5000000000000001,0.5000000000000001,],
[0.45473,0.54527,],
[0.4894600000000001,0.5105400000000001,],
[0.4653,0.5347000000000001,],
[0.3359900000000001,0.66401,],
[0.5158000000000001,0.4842,],
[0.3409200000000001,0.6590800000000001,],
[0.5129100000000001,0.48709,],
[0.35655,0.6434500000000001,],
[0.5050800000000001,0.49492,],
[0.4962400000000001,0.50376,],
[0.5000000000000001,0.5000000000000001,],
[0.5693400000000002,0.43066,],
[0.5639900000000001,0.43601,],
[0.57997,0.4200300000000001,],
[0.4473000000000001,0.5527000000000001,],
[0.61849,0.3815100000000001,],
[0.46324,0.53676,],
[0.5164400000000001,0.48356,],
[0.45718,0.5428200000000001,],
[0.5466200000000001,0.4533800000000001,],
[0.471,0.5290000000000001,],
[0.5000000000000001,0.5000000000000001,],
[0.4069700000000001,0.5930300000000001,],
[0.5543400000000001,0.4456600000000001,],
[0.4480000000000001,0.552,],
[0.4947500000000001,0.5052500000000001,],
[0.5327500000000001,0.4672500000000001,],
[0.5399299999999999,0.46007,],
[0.5219600000000001,0.47804,],
[0.4745,0.5255000000000002,],
[0.46312,0.53688,],
[0.40452,0.5954800000000001,],
[0.5000000000000001,0.5000000000000001,],
[0.5000000000000001,0.5000000000000001,],
[0.44996,0.5500400000000001,],
[0.5520600000000001,0.4479400000000001,],
[0.5209900000000001,0.47901,],
[0.5073200000000001,0.49268,],
[0.489,0.5110000000000001,],
[0.5025000000000001,0.4975000000000001,],
[0.4634900000000001,0.53651,],
[0.5507500000000001,0.44925,],
[0.5179500000000001,0.48205,],
[0.45362,0.5463800000000001,],
[0.5000000000000001,0.5000000000000001,],
[0.42583,0.57417,],
[0.5387200000000001,0.46128,],
[0.4648200000000001,0.5351800000000001,],
[0.5076800000000001,0.49232,],
[0.45864,0.5413600000000001,],
[0.4465500000000001,0.5534500000000001,],
[0.5893000000000002,0.4107,],
[0.5139600000000001,0.48604,],
[0.4946,0.5054000000000001,],
[0.5646000000000001,0.4354,],
[0.5000000000000001,0.5000000000000001,],
[0.47445,0.5255500000000001,],
[0.6488400000000002,0.35116,],
[0.6213400000000001,0.3786600000000001,],
[0.46178,0.5382200000000001,],
[0.5588700000000001,0.44113,],
[0.4891900000000001,0.51081,],
[0.5608800000000002,0.4391200000000001,],
[0.40169,0.5983100000000001,],
[0.5718800000000002,0.4281200000000001,],
[0.57955,0.42045,],
[0.5000000000000001,0.5000000000000001,],
[0.5720400000000002,0.4279600000000001,],
[0.5580200000000001,0.44198,],
[0.5973000000000002,0.4027000000000001,],
[0.4394500000000001,0.5605500000000001,],
[0.5820600000000001,0.41794,],
[0.44415,0.5558500000000001,],
[0.47749,0.5225100000000001,],
[0.49505,0.5049500000000001,],
[0.4673300000000001,0.5326700000000001,],
[0.5257900000000001,0.47421,],
[0.5000000000000001,0.5000000000000001,],
[0.55784,0.4421600000000001,],
[0.4831300000000001,0.5168700000000001,],
[0.4263700000000001,0.5736300000000001,],
[0.5069100000000001,0.4930900000000001,],
[0.4381700000000001,0.5618300000000002,],
[0.5166700000000001,0.48333,],
[0.48485,0.5151500000000001,],
[0.48062,0.5193800000000001,],
[0.42332,0.5766800000000001,],
[0.4681500000000001,0.53185,],
[0.5000000000000001,0.5000000000000001,],
[0.5191000000000001,0.4809,],
[0.62158,0.37842,],
[0.4455900000000001,0.5544100000000001,],
[0.47551,0.52449,],
[0.4359,0.5641000000000002,],
[0.4821,0.5179000000000001,],
[0.5632100000000001,0.4367900000000001,],
[0.5438000000000001,0.4562,],
[0.6120800000000002,0.3879200000000001,],
[0.53661,0.4633900000000001,],
[0.5000000000000001,0.5000000000000001,],
[0.5345800000000001,0.4654200000000001,],
[0.3447900000000001,0.6552100000000001,],
[0.54771,0.45229,],
[0.4226900000000001,0.57731,],
[0.46206,0.5379400000000001,],
[0.4461900000000001,0.5538100000000001,],
[0.42997,0.57003,],
[0.4660200000000001,0.5339800000000001,],
[0.4817500000000001,0.5182500000000001,],
[0.5537200000000001,0.44628,],
[0.5000000000000001,0.5000000000000001,],
[0.5129300000000001,0.4870700000000001,],
[0.36726,0.6327400000000001,],
[0.4648700000000001,0.53513,],
[0.5535100000000002,0.4464900000000001,],
[0.47583,0.52417,],
[0.5154600000000001,0.48454,],
[0.5583600000000002,0.44164,],
[0.55037,0.4496300000000001,],
[0.4061000000000001,0.5939000000000001,],
[0.53669,0.4633100000000001,],
[0.5000000000000001,0.5000000000000001,],
[0.5270400000000001,0.47296,],
[0.5487300000000001,0.45127,],
[0.45904,0.5409600000000001,],
[0.5534700000000001,0.44653,],
[0.53291,0.46709,],
[0.6342000000000001,0.3658,],
[0.4852100000000001,0.5147900000000002,],
[0.5514100000000001,0.4485900000000001,],
[0.44626,0.5537400000000001,],
[0.45073,0.54927,],
[0.5000000000000001,0.5000000000000001,],
[0.5000000000000001,0.5000000000000001,],
[0.5119900000000001,0.4880100000000001,],
[0.4020000000000001,0.5980000000000001,],
[0.6132300000000001,0.3867700000000001,],
[0.6043700000000002,0.3956300000000001,],
[0.5006,0.4994000000000001,],
[0.5392899999999999,0.46071,],
[0.5917000000000001,0.4083000000000001,],
[0.6329500000000001,0.36705,],
[0.58863,0.41137,],
[0.47434,0.5256600000000002,],
[0.5000000000000001,0.5000000000000001,],
[0.45568,0.54432,],
[0.48736,0.5126400000000001,],
[0.5426800000000001,0.45732,],
[0.5547000000000001,0.4453,],
[0.5380800000000001,0.46192,],
[0.47207,0.5279300000000001,],
[0.62095,0.3790500000000001,],
[0.4921400000000001,0.5078600000000001,],
[0.4442200000000001,0.5557800000000002,],
[0.47731,0.5226900000000001,],
[0.5000000000000001,0.5000000000000001,],
[0.4486700000000001,0.5513300000000001,],
[0.5111100000000001,0.48889,],
[0.5583100000000002,0.4416900000000001,],
[0.5441900000000001,0.45581,],
[0.5231500000000001,0.47685,],
[0.5602400000000001,0.43976,],
[0.4674600000000001,0.5325400000000001,],
[0.6025500000000001,0.39745,],
[0.6021800000000002,0.39782,],
[0.54757,0.4524300000000001,],
[0.5000000000000001,0.5000000000000001,],
[0.4073800000000001,0.5926200000000001,],
[0.5719600000000001,0.42804,],
[0.56521,0.43479,],
[0.48694,0.5130600000000001,],
[0.54345,0.45655,],
[0.41649,0.58351,],
[0.6267200000000001,0.37328,],
[0.5207800000000001,0.47922,],
[0.40185,0.5981500000000001,],
[0.59595,0.40405,],
[0.5000000000000001,0.5000000000000001,],
[0.5828800000000001,0.41712,],
[0.4153500000000001,0.58465,],
[0.5179000000000001,0.4821,],
[0.47561,0.5243900000000001,],
[0.5679100000000001,0.43209,],
[0.4652300000000001,0.53477,],
[0.57811,0.42189,],
[0.5431000000000001,0.4569,],
[0.4473400000000001,0.55266,],
[0.5381200000000002,0.46188,],
[0.5000000000000001,0.5000000000000001,],
[0.4493300000000001,0.5506700000000001,],
[0.48721,0.5127900000000001,],
[0.5731900000000001,0.4268100000000001,],
[0.50114,0.4988600000000001,],
[0.6309900000000001,0.36901,],
[0.4459900000000001,0.55401,],
[0.5285200000000002,0.47148,],
[0.5397000000000001,0.4603,],
[0.41981,0.58019,],
[0.4861900000000001,0.5138100000000001,],
[0.5000000000000001,0.5000000000000001,],
[0.5554600000000001,0.44454,],
[0.6536700000000002,0.3463300000000001,],
[0.60393,0.39607,],
[0.5848500000000001,0.4151500000000001,],
[0.48149,0.51851,],
[0.5266300000000002,0.47337,],
[0.4804,0.5196000000000001,],
[0.5557300000000002,0.4442700000000001,],
[0.5393,0.4607,],
[0.4296300000000001,0.57037,],
[0.5000000000000001,0.5000000000000001,],
[0.5038800000000001,0.4961200000000001,],
[0.4353300000000001,0.5646700000000001,],
[0.35548,0.6445200000000001,],
[0.4649300000000001,0.53507,],
[0.45182,0.5481800000000001,],
[0.5723600000000002,0.4276400000000001,],
[0.4711,0.5289000000000001,],
[0.48732,0.5126800000000001,],
[0.53839,0.46161,],
[0.4868000000000001,0.5132000000000001,],
[0.5000000000000001,0.5000000000000001,],
[0.4996800000000001,0.5003200000000001,],
[0.4483000000000001,0.5517000000000001,],
[0.55137,0.4486300000000001,],
[0.4711900000000001,0.5288100000000001,],
[0.4663200000000001,0.53368,],
[0.49232,0.5076800000000001,],
[0.5021300000000001,0.4978700000000001,],
[0.5892700000000001,0.41073,],
[0.6073600000000001,0.39264,],
[0.69872,0.30128,],
[0.5000000000000001,0.5000000000000001,],
[0.5000000000000001,0.5000000000000001,],
[0.5685600000000002,0.43144,],
[0.4934100000000001,0.50659,],
[0.4634200000000001,0.5365800000000001,],
[0.45907,0.54093,],
[0.6617000000000001,0.3383,],
[0.4841800000000001,0.5158200000000002,],
[0.5454200000000001,0.45458,],
[0.44101,0.5589900000000001,],
[0.54139,0.45861,],
[0.4643,0.5357000000000001,],
[0.5000000000000001,0.5000000000000001,],
[0.42272,0.57728,],
[0.4994600000000001,0.5005400000000001,],
[0.41596,0.5840400000000001,],
[0.5288700000000002,0.47113,],
[0.4982500000000001,0.50175,],
[0.47274,0.5272600000000002,],
[0.5255100000000001,0.47449,],
[0.5555500000000001,0.4444500000000001,],
[0.4901,0.5099000000000001,],
[0.4148000000000001,0.5852000000000001,],
[0.5000000000000001,0.5000000000000001,],
[0.45769,0.5423100000000001,],
[0.5292700000000001,0.47073,],
[0.5287900000000001,0.47121,],
[0.5640600000000002,0.43594,],
[0.58052,0.41948,],
[0.41945,0.58055,],
[0.4450500000000001,0.5549500000000001,],
[0.37292,0.6270800000000001,],
[0.5581700000000001,0.4418300000000001,],
[0.5466200000000001,0.4533800000000001,],
[0.5000000000000001,0.5000000000000001,],
[0.4649200000000001,0.5350800000000001,],
[0.48498,0.5150200000000001,],
[0.5303300000000001,0.46967,],
[0.5527000000000001,0.4473000000000001,],
[0.44343,0.55657,],
[0.4646500000000001,0.5353500000000001,],
[0.5232200000000001,0.47678,],
[0.43968,0.56032,],
[0.5118200000000001,0.4881800000000001,],
[0.5898800000000001,0.41012,],
[0.5000000000000001,0.5000000000000001,],
[0.4220700000000001,0.5779299999999999,],
[0.4383900000000001,0.5616100000000001,],
[0.53643,0.46357,],
[0.4890900000000001,0.5109100000000001,],
[0.6384000000000001,0.3616,],
[0.46244,0.53756,],
[0.5633800000000002,0.4366200000000001,],
[0.36593,0.63407,],
[0.5127000000000002,0.4873000000000001,],
[0.53967,0.46033,],
[0.5000000000000001,0.5000000000000001,],
[0.4499500000000001,0.55005,],
[0.5274600000000002,0.47254,],
[0.5545300000000001,0.4454700000000001,],
[0.5221000000000001,0.4779,],
[0.47244,0.5275600000000003,],
[0.43116,0.5688400000000002,],
[0.5278700000000002,0.47213,],
[0.5724500000000001,0.4275500000000001,],
[0.4988200000000001,0.5011800000000001,],
[0.4980500000000001,0.5019500000000001,],
[0.5000000000000001,0.5000000000000001,],
[0.6479800000000002,0.3520200000000001,],
[0.4972300000000001,0.5027700000000001,],
[0.50109,0.4989100000000001,],
[0.5697300000000001,0.43027,],
[0.4689700000000001,0.5310300000000001,],
[0.3630200000000001,0.6369800000000001,],
[0.4889500000000001,0.51105,],
[0.445,0.555,],
[0.5561500000000001,0.44385,],
[0.4584300000000001,0.54157,],
[0.5000000000000001,0.5000000000000001,],
[0.43721,0.5627900000000001,],
[0.4833100000000001,0.5166900000000001,],
[0.3919900000000001,0.6080100000000001,],
[0.4585500000000001,0.54145,],
[0.45888,0.54112,],
[0.5078200000000002,0.4921800000000001,],
[0.47312,0.5268800000000001,],
[0.4989000000000001,0.5011000000000001,],
[0.47949,0.5205100000000001,],
[0.5128600000000002,0.4871400000000001,],
[0.5000000000000001,0.5000000000000001,],
[0.4916700000000001,0.5083300000000001,],
[0.4589900000000001,0.5410100000000001,],
[0.4986700000000001,0.5013300000000001,],
[0.59177,0.40823,],
[0.48982,0.5101800000000001,],
[0.6098800000000002,0.39012,],
[0.5684700000000001,0.43153,],
[0.46276,0.5372400000000001,],
[0.2637000000000001,0.7363000000000002,],
[0.5552600000000001,0.4447400000000001,],
[0.5000000000000001,0.5000000000000001,],
[0.5000000000000001,0.5000000000000001,],
[0.46261,0.5373899999999999,],
[0.39126,0.6087400000000001,],
[0.5298000000000002,0.4702000000000001,],
[0.4482200000000001,0.55178,],
[0.47448,0.5255200000000001,],
[0.50152,0.4984800000000001,],
[0.5542900000000001,0.4457100000000001,],
[0.4300700000000001,0.56993,],
[0.5567500000000001,0.44325,],
[0.4757,0.5243000000000001,],
[0.5000000000000001,0.5000000000000001,],
[0.41578,0.5842200000000002,],
[0.5521,0.4479,],
[0.5350200000000001,0.4649800000000001,],
[0.47195,0.5280500000000001,],
[0.50609,0.4939100000000001,],
[0.53835,0.46165,],
[0.5227500000000002,0.47725,],
[0.4623700000000001,0.5376300000000001,],
[0.5107100000000001,0.4892900000000001,],
[0.3887800000000001,0.6112200000000001,],
[0.5000000000000001,0.5000000000000001,],
[0.41512,0.5848800000000001,],
[0.34869,0.6513100000000001,],
[0.4817900000000001,0.5182100000000001,],
[0.3731,0.6269,],
[0.5339,0.4661000000000001,],
[0.41445,0.58555,],
[0.6010200000000001,0.3989800000000001,],
[0.47323,0.5267700000000001,],
[0.5833699999999999,0.4166300000000001,],
[0.4198700000000001,0.58013,],
[0.5000000000000001,0.5000000000000001,],
[0.5268200000000001,0.47318,],
[0.6041600000000001,0.39584,],
[0.6535800000000002,0.3464200000000001,],
[0.58464,0.41536,],
[0.47485,0.5251500000000001,],
[0.41676,0.5832400000000001,],
[0.5058600000000001,0.4941400000000001,],
[0.56811,0.43189,],
[0.5283200000000001,0.47168,],
[0.5241200000000001,0.47588,],
[0.5000000000000001,0.5000000000000001,],
[0.3944,0.6056000000000001,],
[0.5599200000000001,0.44008,],
[0.5952400000000001,0.4047600000000001,],
[0.45121,0.5487900000000001,],
[0.5803600000000001,0.41964,],
[0.4583200000000001,0.5416800000000001,],
[0.47199,0.5280100000000001,],
[0.3682800000000001,0.6317200000000001,],
[0.44247,0.55753,],
[0.5711100000000002,0.4288900000000001,],
[0.5000000000000001,0.5000000000000001,],
[0.4922600000000001,0.5077400000000002,],
[0.5183100000000002,0.4816900000000001,],
[0.53952,0.46048,],
[0.5760400000000001,0.4239600000000001,],
[0.5398000000000001,0.4602,],
[0.5161500000000001,0.4838500000000001,],
[0.5278100000000001,0.47219,],
[0.4864600000000001,0.5135400000000001,],
[0.5132300000000001,0.48677,],
[0.5223200000000001,0.47768,],
[0.5000000000000001,0.5000000000000001,],
[0.6086900000000001,0.39131,],
[0.58511,0.41489,],
[0.43965,0.56035,],
[0.46372,0.5362800000000001,],
[0.6093600000000001,0.39064,],
[0.53732,0.46268,],
[0.4378,0.5622000000000001,],
[0.43336,0.5666400000000001,],
[0.6377700000000001,0.3622300000000001,],
[0.63373,0.3662700000000001,],
[0.5000000000000001,0.5000000000000001,],
[0.51448,0.4855200000000001,],
[0.47433,0.5256700000000002,],
[0.4927300000000001,0.5072700000000001,],
[0.61505,0.3849500000000001,],
[0.57347,0.4265300000000001,],
[0.4609100000000001,0.5390900000000001,],
[0.4447800000000001,0.55522,],
[0.44356,0.5564400000000002,],
[0.5290400000000001,0.47096,],
[0.62205,0.3779500000000001,],
[0.5000000000000001,0.5000000000000001,],
[0.54937,0.45063,],
[0.4910100000000001,0.5089900000000001,],
[0.61628,0.38372,],
[0.39281,0.6071900000000001,],
[0.4980100000000001,0.5019900000000002,],
[0.5151200000000001,0.48488,],
[0.57945,0.42055,],
[0.57996,0.42004,],
[0.5650300000000001,0.43497,],
[0.6400800000000001,0.3599200000000001,],
[0.5000000000000001,0.5000000000000001,],
[0.5000000000000001,0.5000000000000001,],
[0.53486,0.4651400000000001,],
[0.5243900000000001,0.47561,],
[0.5051900000000001,0.4948100000000001,],
[0.46358,0.53642,],
[0.43098,0.5690200000000002,],
[0.3055900000000001,0.6944100000000001,],
[0.4474500000000001,0.5525500000000001,],
[0.4968300000000001,0.50317,],
[0.4404600000000001,0.5595400000000001,],
[0.5326600000000001,0.4673400000000001,],
[0.5000000000000001,0.5000000000000001,],
[0.4373,0.5627000000000001,],
[0.5202400000000001,0.47976,],
[0.54905,0.45095,],
[0.4705300000000001,0.5294700000000001,],
[0.5261300000000001,0.4738700000000001,],
[0.4619,0.5381000000000001,],
[0.5627400000000001,0.43726,],
[0.5136200000000001,0.48638,],
[0.6286,0.3714,],
[0.4393400000000001,0.5606600000000002,],
[0.5000000000000001,0.5000000000000001,],
[0.4407700000000001,0.5592300000000001,],
[0.4893600000000001,0.5106400000000001,],
[0.5436800000000001,0.45632,],
[0.42021,0.57979,],
[0.5105600000000001,0.48944,],
[0.4700500000000001,0.5299500000000001,],
[0.45638,0.5436200000000001,],
[0.4934500000000001,0.5065500000000001,],
[0.4841400000000001,0.5158600000000001,],
[0.58501,0.4149900000000001,],
[0.5000000000000001,0.5000000000000001,],
[0.54889,0.45111,],
[0.5282100000000002,0.47179,],
[0.5433800000000001,0.45662,],
[0.54432,0.45568,],
[0.43043,0.5695700000000001,],
[0.45176,0.5482400000000001,],
[0.47179,0.5282100000000002,],
[0.5051800000000002,0.4948200000000001,],
[0.40145,0.59855,],
[0.54339,0.45661,],
[0.5000000000000001,0.5000000000000001,],
[0.3675800000000001,0.6324200000000001,],
[0.5189500000000001,0.48105,],
[0.43298,0.5670200000000002,],
[0.41336,0.5866400000000001,],
[0.3895,0.6105000000000002,],
[0.5646700000000001,0.4353300000000001,],
[0.4815800000000001,0.5184200000000001,],
[0.46584,0.53416,],
[0.48072,0.5192800000000001,],
[0.3884500000000001,0.61155,],
[0.5000000000000001,0.5000000000000001,],
[0.4045900000000001,0.5954100000000001,],
[0.4945900000000001,0.50541,],
[0.3848300000000001,0.61517,],
[0.5300000000000001,0.4700000000000001,],
[0.5256500000000002,0.47435,],
[0.5648000000000001,0.4352,],
[0.4737500000000001,0.5262500000000001,],
[0.5958800000000001,0.40412,],
[0.5812,0.4188000000000001,],
[0.58984,0.41016,],
[0.5000000000000001,0.5000000000000001,],
[0.46054,0.5394600000000001,],
[0.4879400000000001,0.5120600000000002,],
[0.48494,0.5150600000000002,],
[0.54696,0.45304,],
[0.5155200000000001,0.48448,],
[0.6060500000000001,0.39395,],
[0.5206200000000002,0.47938,],
[0.48836,0.5116400000000001,],
[0.4842,0.5158000000000001,],
[0.5265300000000001,0.47347,],
[0.5000000000000001,0.5000000000000001,],
[0.5628700000000001,0.43713,],
[0.47743,0.5225700000000001,],
[0.44487,0.55513,],
[0.5620200000000001,0.43798,],
[0.5049800000000001,0.4950200000000001,],
[0.4809100000000001,0.5190900000000001,],
[0.42454,0.57546,],
[0.5848600000000002,0.4151400000000001,],
[0.48964,0.5103600000000001,],
[0.5031600000000001,0.4968400000000001,],
[0.5000000000000001,0.5000000000000001,],
[0.49716,0.5028400000000001,],
[0.5697700000000001,0.4302300000000001,],
[0.46321,0.53679,],
[0.4416200000000001,0.5583800000000002,],
[0.4034800000000001,0.5965200000000002,],
[0.5917000000000001,0.4083000000000001,],
[0.58793,0.41207,],
[0.4416,0.5584000000000001,],
[0.5565600000000001,0.4434400000000001,],
[0.41558,0.5844200000000001,],
[0.5000000000000001,0.5000000000000001,],
];;
