nc_marginals := [
[0.94931,0.05069000000000001,],
[0.8905000000000001,0.05403,0.05547000000000001,],
[0.96125,0.01304,0.01304,0.01267,],
[0.84409,0.03972000000000001,0.0384,0.03882,0.03897,],
[0.8125300000000001,0.03738,0.03730000000000001,0.03793000000000001,0.03747000000000001,0.03739000000000001,],
[0.61694,0.06401000000000001,0.06364,0.06424000000000001,0.06401000000000001,0.06402000000000002,0.06314000000000002,],
[0.7282800000000001,0.03992,0.03869,0.03872,0.03886,0.03796000000000001,0.03928,0.03829000000000001,],
[0.7756600000000001,0.0284,0.02687,0.02845,0.02862,0.0285,0.02764,0.02839,0.02747,],
[0.6876600000000002,0.03490000000000001,0.03331000000000001,0.03452,0.03505000000000001,0.03576000000000001,0.03532,0.035,0.03466,0.03382,],
[0.5244800000000001,0.04724,0.04787000000000001,0.04703,0.04736000000000001,0.04706,0.04753000000000001,0.04739000000000001,0.04762,0.04787000000000001,0.04855000000000001,],
[0.9585,0.0415,],
[0.9406400000000001,0.02962,0.02974,],
[0.9085299999999999,0.03076,0.02984,0.03087,],
[0.86735,0.03331000000000001,0.03291000000000001,0.03344,0.03299000000000001,],
[0.8125100000000001,0.03738,0.03717000000000001,0.03819000000000001,0.03656,0.03819000000000001,],
[0.7399100000000001,0.04336000000000001,0.04372,0.04330000000000001,0.04325000000000001,0.04338000000000001,0.04308000000000001,],
[0.6714100000000001,0.04634,0.04663,0.04822000000000001,0.0464,0.04631,0.04638,0.04831000000000001,],
[0.6657000000000001,0.04095000000000001,0.04168,0.04175,0.04255,0.04158,0.04182,0.04172,0.04225000000000001,],
[0.74273,0.0282,0.02943,0.02895,0.02812,0.02848,0.02904,0.02806,0.02867,0.02832,],
[0.43157,0.05737,0.05651,0.05714,0.05667000000000001,0.05772,0.05752,0.05634,0.05609000000000001,0.0556,0.05747000000000001,],
[0.96652,0.03348,],
[0.89329,0.05312000000000001,0.05359000000000001,],
[0.7989300000000001,0.0668,0.06625000000000002,0.06802000000000001,],
[0.74824,0.06224000000000001,0.06228000000000001,0.06311000000000001,0.06413000000000001,],
[0.70464,0.05951,0.05788,0.0598,0.0593,0.05887000000000001,],
[0.69625,0.05078000000000001,0.05088000000000001,0.04906,0.05014,0.05073000000000001,0.05216,],
[0.8117300000000002,0.02691,0.02697,0.0278,0.02658,0.02681,0.02628,0.02692,],
[0.9193400000000002,0.01018,0.01001,0.01038,0.01019,0.01006,0.009990000000000001,0.009940000000000001,0.00991,],
[0.6407400000000001,0.03965,0.03969000000000001,0.04012,0.04014,0.04043000000000001,0.03981000000000001,0.03986000000000001,0.03979000000000001,0.03977000000000001,],
[0.72175,0.02787,0.02769,0.0263,0.02799,0.02807,0.02804,0.0276,0.02913,0.02704,0.02852,],
[0.9190900000000001,0.08091000000000001,],
[0.8502400000000001,0.07554000000000002,0.07422000000000001,],
[0.9655000000000001,0.01159,0.01162,0.01129,],
[0.7552200000000001,0.06129000000000001,0.0602,0.06189000000000001,0.0614,],
[0.56001,0.08900000000000001,0.08846000000000001,0.0873,0.08847000000000001,0.08676000000000002,],
[0.65766,0.05703,0.0567,0.05674,0.05649000000000001,0.05761000000000001,0.05777000000000001,],
[0.7612600000000002,0.03346,0.03351000000000001,0.03478000000000001,0.03488000000000001,0.03335,0.03412,0.03464,],
[0.6916400000000001,0.03834000000000001,0.03948,0.03926,0.03878,0.03887,0.03848,0.03713000000000001,0.03802000000000001,],
[0.7488,0.02794,0.02755,0.02752,0.02816,0.02854,0.02794,0.02737,0.02808,0.0281,],
[0.4443900000000001,0.05688,0.05646,0.05485,0.05445000000000001,0.0556,0.05464,0.05555000000000001,0.05451,0.05677,0.05590000000000001,],
[0.98025,0.01975,],
[0.6434000000000002,0.17876,0.17784,],
[0.9988200000000002,0.00038,0.0002900000000000001,0.0005100000000000001,],
[0.9275100000000001,0.01833,0.01765,0.01829,0.01822,],
[0.80355,0.03931,0.0384,0.04004000000000001,0.03899,0.03971000000000001,],
[0.75131,0.04189,0.04165000000000001,0.04147000000000001,0.0417,0.04143,0.04055000000000001,],
[0.6957000000000001,0.04368,0.04213000000000001,0.04418,0.04332,0.04368,0.0436,0.04371000000000001,],
[0.79369,0.02482,0.02539,0.02651,0.02614,0.02515,0.02697,0.02588,0.02545,],
[0.7082000000000001,0.0321,0.03192,0.03286000000000001,0.03281000000000001,0.03217000000000001,0.03251000000000001,0.03262,0.03245000000000001,0.03236000000000001,],
[0.5260500000000001,0.04728,0.04537000000000001,0.04786000000000001,0.04882,0.04743000000000001,0.04789000000000001,0.04701,0.04798,0.04764,0.04667,],
[0.9713900000000001,0.02861,],
[0.8783900000000001,0.06115000000000001,0.06046,],
[0.8714499999999999,0.04216,0.04426,0.04213000000000001,],
[0.7273900000000001,0.06922000000000002,0.06702000000000001,0.06730000000000001,0.06907000000000001,],
[0.8029000000000001,0.04022000000000001,0.03892,0.03886,0.04029000000000001,0.03881,],
[0.78201,0.03704,0.03571000000000001,0.03637000000000001,0.03589000000000001,0.03654,0.03644,],
[0.87104,0.01823,0.01864,0.01853,0.0186,0.01869,0.01776,0.01851,],
[0.6079700000000001,0.04796,0.04816000000000001,0.04933000000000001,0.04928,0.04862,0.04904,0.05032,0.04932,],
[0.6720700000000001,0.03643,0.03769000000000001,0.03627,0.03635000000000001,0.03586,0.03636,0.03596,0.03621000000000001,0.03680000000000001,],
[0.74403,0.02624,0.02502,0.02649,0.02561,0.02602,0.02532,0.02485,0.02603,0.02581,0.02458,],
[0.87329,0.12671,],
[0.8167300000000001,0.09074000000000002,0.09253,],
[0.7980400000000001,0.06787000000000001,0.06692000000000001,0.06716999999999999,],
[0.84196,0.04064000000000001,0.03847,0.03927000000000001,0.03966,],
[0.8857200000000001,0.02259,0.02321,0.02226,0.02352,0.0227,],
[0.7925000000000001,0.03526000000000001,0.03463000000000001,0.03473000000000001,0.03499000000000001,0.03491000000000001,0.03298000000000001,],
[0.7019700000000001,0.04288000000000001,0.0419,0.04247000000000001,0.04168,0.04224000000000001,0.04331000000000001,0.04355000000000001,],
[0.7825299999999999,0.02756,0.02703,0.02818,0.0263,0.02721,0.02672,0.02749,0.02698,],
[0.5214500000000001,0.05308,0.05317000000000001,0.05344000000000001,0.05280000000000001,0.05253000000000001,0.05318000000000001,0.05326,0.05464,0.05245,],
[0.7019000000000001,0.02971,0.02958,0.02977,0.03048,0.02957,0.02972,0.03076,0.02911,0.02965,0.02975,],
[0.94764,0.05236,],
[0.8449000000000001,0.07809000000000001,0.07701,],
[0.8834300000000002,0.03899,0.03852,0.03906,],
[0.7440600000000001,0.06430000000000001,0.06339000000000002,0.06455000000000001,0.06370000000000002,],
[0.6443300000000001,0.07081000000000001,0.07090000000000002,0.07125000000000001,0.07214000000000001,0.07057000000000001,],
[0.6266,0.06089000000000001,0.06340000000000001,0.06108,0.06287000000000001,0.06329,0.06187000000000001,],
[0.6766900000000001,0.04546000000000001,0.04663,0.04576000000000001,0.04644,0.04632,0.04646,0.04624,],
[0.67805,0.04008,0.03996,0.04001000000000001,0.04083000000000001,0.04000000000000001,0.03963000000000001,0.04092,0.04052000000000001,],
[0.6478200000000002,0.03852,0.03929000000000001,0.03818000000000001,0.03941000000000001,0.03942,0.04047000000000001,0.03902,0.03888,0.03899,],
[0.78039,0.02184,0.02182,0.0218,0.02172,0.0226,0.02212,0.02201,0.02135,0.0225,0.02185,],
[0.9216300000000001,0.07837,],
[0.7995700000000001,0.10105,0.09938000000000001,],
[0.92152,0.02606,0.02632,0.0261,],
[0.8457400000000002,0.03786,0.03877000000000001,0.03874,0.03889000000000001,],
[0.9819200000000001,0.00353,0.003830000000000001,0.00354,0.00364,0.00354,],
[0.8220200000000001,0.02974,0.02837,0.0303,0.02943,0.03027,0.02987,],
[0.62148,0.05393000000000001,0.05426,0.05424,0.05462,0.05308,0.05525000000000001,0.05314000000000001,],
[0.77994,0.02795,0.02762,0.02767,0.02744,0.02846,0.02643,0.02672,0.02777,],
[0.80705,0.02143,0.02228,0.02172,0.02122,0.02091,0.02121,0.02116,0.02137,0.02165,],
[0.6695000000000001,0.03283000000000001,0.03300000000000001,0.03262,0.03304000000000001,0.03303000000000001,0.03311000000000001,0.03345000000000001,0.03316000000000001,0.03352,0.03274000000000001,],
[0.9543299999999999,0.04567000000000001,],
[0.8545700000000001,0.07331000000000001,0.07212,],
[0.8964900000000001,0.03389,0.03487000000000001,0.03475000000000001,],
[0.8287600000000001,0.04177000000000001,0.04294000000000001,0.04309000000000001,0.04344000000000001,],
[0.7962400000000001,0.04047000000000001,0.04058,0.04034000000000001,0.04141,0.04096,],
[0.39767,0.10032,0.10091,0.10045,0.09965,0.09954000000000002,0.10146,],
[0.86026,0.02007,0.0198,0.02049,0.01986,0.02018,0.01932,0.02002,],
[0.75143,0.03082,0.03089,0.03035,0.03246,0.03120000000000001,0.0318,0.03066,0.03039,],
[0.5050800000000001,0.0546,0.05512,0.0541,0.05438,0.05532,0.05576,0.05472,0.05567,0.05525000000000001,],
[0.6069600000000002,0.0399,0.03926,0.0389,0.03893000000000001,0.03924,0.03921000000000001,0.03984000000000001,0.03887,0.03859000000000001,0.0403,],
[0.9493400000000001,0.05066,],
[0.9102600000000001,0.04398,0.04576000000000001,],
[0.7335600000000001,0.08847000000000001,0.08913,0.08884,],
[0.7601600000000001,0.06035000000000001,0.06102,0.05992,0.05855,],
[0.8617,0.0277,0.02857,0.02675,0.02706,0.02822,],
[0.7351700000000001,0.04320000000000001,0.04466000000000001,0.04525000000000001,0.04433000000000001,0.04407000000000001,0.04332,],
[0.6787600000000001,0.04572,0.04651,0.04605000000000001,0.04591000000000001,0.04469000000000001,0.04698,0.04538,],
[0.5266100000000001,0.06009,0.05886,0.05914,0.05879000000000001,0.05867000000000001,0.05915,0.05907,0.05962,],
[0.6227400000000001,0.04134,0.04258000000000001,0.04289000000000001,0.04212,0.04122,0.04171,0.04234,0.0422,0.04086000000000001,],
[0.6088100000000001,0.03926,0.03961000000000001,0.03905000000000001,0.03987000000000001,0.03907000000000001,0.03925000000000001,0.03864,0.03875000000000001,0.03853,0.03916,],
[0.94767,0.05233000000000001,],
[0.83072,0.08451000000000002,0.08477,],
[0.92683,0.02434,0.0246,0.02423,],
[0.8757300000000001,0.03198,0.03014,0.03169000000000001,0.03046,],
[0.5751499999999999,0.08561000000000001,0.08507000000000001,0.08606000000000001,0.08420000000000001,0.08391000000000001,],
[0.82158,0.03031,0.02987,0.02909,0.02963,0.02994,0.02958,],
[0.8496899999999999,0.02166,0.02146,0.02099,0.02246,0.02066,0.02149,0.02159,],
[0.8526000000000001,0.01887,0.01822,0.01858,0.01913,0.01851,0.01786,0.01825,0.01798,],
[0.70095,0.03212,0.03274000000000001,0.0334,0.03316000000000001,0.03339,0.03307000000000001,0.03423,0.03303000000000001,0.03391,],
[0.59584,0.03922,0.04106,0.0398,0.04087000000000001,0.04014,0.04029000000000001,0.0412,0.04046,0.04072000000000001,0.04040000000000001,],
[0.97657,0.02343,],
[0.9339500000000001,0.03311000000000001,0.03294,],
[0.9279800000000001,0.02413,0.02349,0.0244,],
[0.8283900000000001,0.04229000000000001,0.04255,0.04334,0.04343000000000001,],
[0.6916300000000001,0.06226000000000001,0.06064000000000001,0.06056,0.06277000000000001,0.06214000000000001,],
[0.88739,0.01932,0.01857,0.01792,0.0194,0.01893,0.01847,],
[0.8565900000000001,0.02014,0.02083,0.02053,0.02066,0.02102,0.02051,0.01972,],
[0.3290600000000001,0.08458000000000002,0.08246000000000001,0.08342000000000001,0.0834,0.08420000000000001,0.08348,0.08424000000000001,0.08516000000000001,],
[0.5965800000000001,0.04528000000000001,0.04550000000000001,0.04515000000000001,0.04463,0.04395,0.04441000000000001,0.04481000000000001,0.04545000000000001,0.04424,],
[0.6434200000000002,0.03538000000000001,0.03568000000000001,0.03569000000000001,0.03532,0.03562000000000001,0.0362,0.03535000000000001,0.0353,0.03596,0.03608,],
[0.9832300000000002,0.01677,],
[0.9812700000000001,0.00911,0.00962,],
[0.90287,0.03251000000000001,0.03336,0.03126,],
[0.86474,0.03451000000000001,0.03254000000000001,0.03476000000000001,0.03345000000000001,],
[0.9139400000000001,0.01718,0.0171,0.01725,0.01748,0.01705,],
[0.8730200000000001,0.02166,0.02072,0.02086,0.0212,0.02145,0.02109,],
[0.5292200000000001,0.06677,0.06654000000000002,0.06671000000000001,0.06660000000000001,0.06729,0.06887000000000001,0.068,],
[0.6460500000000001,0.04331000000000001,0.04332,0.04413,0.04484,0.04435000000000001,0.04550000000000001,0.04406,0.04444,],
[0.7351800000000002,0.02901,0.02913,0.03024,0.02978,0.02884,0.02912,0.02999,0.0288,0.02991,],
[0.81057,0.01946,0.0189,0.0185,0.01955,0.01868,0.01833,0.01883,0.01948,0.01904,0.01866,],
[0.89322,0.10678,],
[0.9682700000000001,0.01626,0.01547,],
[0.85967,0.04656,0.04738000000000001,0.04639,],
[0.7251200000000001,0.06905,0.06882000000000002,0.06823000000000001,0.06878000000000001,],
[0.8248700000000001,0.03541000000000001,0.03438,0.03493000000000001,0.03561000000000001,0.0348,],
[0.94653,0.008850000000000002,0.009290000000000001,0.00855,0.009600000000000001,0.008770000000000002,0.008410000000000001,],
[0.6099500000000001,0.05617000000000001,0.05513000000000001,0.05719,0.0548,0.05502,0.05570000000000001,0.05604000000000001,],
[0.69736,0.03704,0.03848,0.03726,0.03726,0.03830000000000001,0.03835000000000001,0.03761000000000001,0.03834000000000001,],
[0.76281,0.02557,0.02752,0.02696,0.02712,0.02664,0.02631,0.02529,0.0261,0.02568,],
[0.73904,0.02547,0.02572,0.02651,0.02681,0.0257,0.02632,0.02632,0.02618,0.02536,0.02657,],
[0.95724,0.04276000000000001,],
[0.9608600000000002,0.01885,0.02029,],
[0.8557800000000001,0.04849000000000001,0.04804000000000001,0.04769000000000001,],
[0.95803,0.01091,0.009800000000000001,0.01109,0.01017,],
[0.70667,0.05810000000000001,0.05942,0.05892,0.05866,0.05823,],
[0.72905,0.0451,0.04518,0.0446,0.04427,0.04609000000000001,0.04571000000000001,],
[0.7248200000000001,0.03879000000000001,0.03927000000000001,0.03878,0.03913000000000001,0.04027000000000001,0.03948,0.03946,],
[0.6933600000000001,0.03815000000000001,0.03864,0.03796000000000001,0.03795000000000001,0.03801000000000001,0.03826000000000001,0.03897,0.0387,],
[0.52107,0.05322,0.05387,0.05303000000000001,0.05188,0.05244,0.05448,0.05343000000000001,0.05285000000000001,0.05373000000000001,],
[0.5259900000000002,0.04791000000000001,0.04662,0.04737000000000001,0.04642,0.04778,0.04807000000000001,0.04816000000000001,0.04745000000000001,0.04706,0.04717,],
[0.94059,0.05941,],
[0.76963,0.11612,0.11425,],
[0.91513,0.02869,0.02771,0.02847,],
[0.8968600000000002,0.02655,0.0254,0.02576,0.02543,],
[0.6250600000000001,0.07575000000000001,0.07616000000000002,0.07408000000000001,0.07478000000000001,0.07417,],
[0.7246900000000002,0.04530000000000001,0.04558,0.04538,0.04586,0.04720000000000001,0.04599000000000001,],
[0.8501500000000002,0.02185,0.02148,0.02124,0.02123,0.02151,0.02085,0.02169,],
[0.7273400000000002,0.03440000000000001,0.03459000000000001,0.03329000000000001,0.03473000000000001,0.03431000000000001,0.03358,0.03358,0.03418,],
[0.81865,0.0201,0.01981,0.02008,0.02025,0.02061,0.0201,0.01962,0.0203,0.02048,],
[0.7709600000000001,0.02332,0.02319,0.02302,0.02358,0.02203,0.02331,0.02332,0.02287,0.02215,0.02225,],
[0.98177,0.01823,],
[0.9125200000000001,0.04408,0.04340000000000001,],
[0.86282,0.04533000000000001,0.0461,0.04575000000000001,],
[0.86306,0.03464,0.03474000000000001,0.03355,0.03401000000000001,],
[0.7890600000000001,0.04242000000000001,0.04214,0.04168,0.04185000000000001,0.04285000000000001,],
[0.8081700000000001,0.03193000000000001,0.03184000000000001,0.03123,0.03267000000000001,0.03167,0.03249000000000001,],
[0.5971900000000001,0.05806,0.05767000000000001,0.0568,0.05787,0.05735000000000001,0.05735000000000001,0.05771,],
[0.6436200000000001,0.04483000000000001,0.0454,0.04376,0.04558,0.04401000000000001,0.04412,0.0439,0.04478,],
[0.69642,0.0337,0.03364,0.03268000000000001,0.03371,0.03336,0.03435000000000001,0.03399000000000001,0.03423,0.03392000000000001,],
[0.6337400000000001,0.03669000000000001,0.03573000000000001,0.03638,0.03606,0.03688,0.03769000000000001,0.03746000000000001,0.03777000000000001,0.03551000000000001,0.03609,],
[0.94862,0.05138,],
[0.7970400000000001,0.10222,0.10074,],
[0.96712,0.01073,0.0114,0.01075,],
[0.9337500000000001,0.01674,0.01718,0.01608,0.01625,],
[0.8119100000000001,0.03727,0.03774,0.0374,0.0377,0.03798000000000001,],
[0.7690400000000001,0.03929000000000001,0.03912,0.03893000000000001,0.03704,0.03849,0.03809000000000001,],
[0.66344,0.04770000000000001,0.04823000000000001,0.04832000000000001,0.04855000000000001,0.04901,0.04764,0.04711000000000001,],
[0.8836700000000001,0.01514,0.01371,0.01497,0.0148,0.01413,0.01483,0.01421,0.01454,],
[0.6196700000000001,0.04311000000000001,0.04163000000000001,0.04222,0.04217000000000001,0.04087000000000001,0.04341000000000001,0.04256000000000001,0.04252,0.04184,],
[0.65609,0.03418,0.03435000000000001,0.03391,0.03453000000000001,0.03421,0.03472000000000001,0.03471,0.03407,0.03419000000000001,0.03504000000000001,],
[0.87424,0.12576,],
[0.93098,0.03493000000000001,0.03409000000000001,],
[0.80872,0.06361,0.06418000000000001,0.06349,],
[0.70925,0.07107000000000002,0.07297000000000001,0.07318000000000001,0.07353,],
[0.7224400000000002,0.05524,0.05629000000000001,0.05548,0.0546,0.05595000000000001,],
[0.4677600000000001,0.08689000000000001,0.08869,0.08876000000000001,0.08801,0.09010000000000001,0.08979000000000001,],
[0.8164,0.02601,0.02564,0.0277,0.02609,0.02634,0.02633,0.02549,],
[0.7998400000000001,0.02579,0.02416,0.02542,0.02467,0.02502,0.02464,0.02489,0.02557,],
[0.85731,0.01554,0.01662,0.01583,0.01672,0.01574,0.01514,0.01538,0.01554,0.01618,],
[0.6914400000000002,0.03016,0.03134,0.03063,0.03113,0.03102,0.03109,0.03120000000000001,0.03049,0.03044,0.03106,],
[0.5003300000000001,0.4996700000000001,],
[0.4901700000000001,0.5098300000000001,],
[0.4198700000000001,0.58013,],
[0.48112,0.5188800000000001,],
[0.54223,0.45777,],
[0.5699100000000001,0.43009,],
[0.47173,0.5282700000000001,],
[0.4866700000000001,0.5133300000000001,],
[0.5057700000000001,0.4942300000000001,],
[0.5294300000000001,0.47057,],
[0.4907500000000001,0.50925,],
[0.5035600000000001,0.49644,],
[0.43748,0.5625200000000001,],
[0.4842400000000001,0.5157600000000001,],
[0.5843000000000002,0.4157,],
[0.5000400000000002,0.4999600000000001,],
[0.5702800000000001,0.42972,],
[0.5672800000000001,0.43272,],
[0.46291,0.53709,],
[0.5438800000000001,0.45612,],
[0.42161,0.57839,],
[0.4399,0.5601,],
[0.4992800000000001,0.5007200000000001,],
[0.41468,0.5853200000000001,],
[0.6952100000000001,0.3047900000000001,],
[0.5458800000000001,0.45412,],
[0.4585400000000001,0.5414600000000001,],
[0.35831,0.64169,],
[0.41849,0.5815100000000001,],
[0.3846300000000001,0.61537,],
[0.47987,0.5201300000000001,],
[0.4841200000000001,0.5158800000000001,],
[0.41512,0.5848800000000001,],
[0.4997900000000001,0.50021,],
[0.62975,0.37025,],
[0.5559200000000001,0.44408,],
[0.65965,0.34035,],
[0.6747000000000001,0.3253000000000001,],
[0.5768800000000001,0.4231200000000001,],
[0.45567,0.54433,],
[0.54427,0.45573,],
[0.58211,0.41789,],
[0.6926000000000001,0.3074,],
[0.62968,0.37032,],
[0.4994900000000001,0.50051,],
[0.4139,0.5861000000000001,],
[0.429,0.5710000000000002,],
[0.4677500000000001,0.53225,],
[0.3943400000000001,0.6056600000000002,],
[0.5040899999999999,0.4959100000000001,],
[0.5708900000000001,0.4291100000000001,],
[0.50152,0.4984800000000001,],
[0.5486400000000001,0.45136,],
[0.5555700000000001,0.4444300000000001,],
[0.4148200000000001,0.5851800000000001,],
[0.5000200000000001,0.4999800000000001,],
[0.5868100000000001,0.41319,],
[0.5648200000000001,0.43518,],
[0.4557900000000001,0.5442100000000001,],
[0.5633200000000002,0.43668,],
[0.47664,0.5233600000000002,],
[0.5720400000000002,0.4279600000000001,],
[0.46039,0.5396099999999999,],
[0.6607200000000001,0.3392800000000001,],
[0.4281400000000001,0.5718600000000001,],
[0.5875600000000001,0.41244,],
[0.5023100000000001,0.4976900000000001,],
[0.64507,0.35493,],
[0.5056600000000001,0.4943400000000001,],
[0.5618700000000001,0.43813,],
[0.4856800000000001,0.51432,],
[0.5688300000000002,0.43117,],
[0.36148,0.6385200000000001,],
[0.6717200000000001,0.32828,],
[0.4662700000000001,0.53373,],
[0.5677400000000001,0.43226,],
[0.6427900000000002,0.3572100000000001,],
[0.5029800000000001,0.4970200000000001,],
[0.49348,0.5065200000000001,],
[0.6033600000000001,0.39664,],
[0.5099100000000001,0.49009,],
[0.4649300000000001,0.53507,],
[0.42109,0.57891,],
[0.57352,0.4264800000000001,],
[0.39408,0.6059200000000001,],
[0.45363,0.54637,],
[0.5030600000000001,0.4969400000000001,],
[0.4963900000000001,0.50361,],
[0.4992100000000001,0.5007900000000001,],
[0.47487,0.5251300000000001,],
[0.5294400000000001,0.47056,],
[0.5449000000000001,0.4551,],
[0.38356,0.61644,],
[0.4587000000000001,0.5413000000000001,],
[0.50765,0.4923500000000001,],
[0.5605500000000001,0.4394500000000001,],
[0.5636700000000001,0.43633,],
[0.6045400000000002,0.39546,],
[0.47616,0.5238400000000001,],
[0.5024600000000001,0.4975400000000001,],
[0.50169,0.4983100000000001,],
[0.31397,0.68603,],
[0.4767,0.5233000000000001,],
[0.3982100000000001,0.6017900000000002,],
[0.62948,0.37052,],
[0.47939,0.5206100000000001,],
[0.50021,0.4997900000000001,],
[0.48689,0.5131100000000001,],
[0.5227500000000002,0.47725,],
[0.45089,0.5491100000000001,],
[0.31615,0.6838500000000001,],
[0.5031600000000001,0.4968400000000001,],
[0.44493,0.5550700000000001,],
[0.5278500000000002,0.47215,],
[0.6430300000000001,0.35697,],
[0.5119100000000001,0.4880900000000001,],
[0.5314900000000001,0.4685100000000001,],
[0.48999,0.5100100000000001,],
[0.5258900000000001,0.47411,],
[0.4777500000000001,0.5222500000000001,],
[0.4777100000000001,0.5222900000000001,],
[0.4473100000000001,0.55269,],
[0.4971300000000001,0.50287,],
[0.36449,0.6355100000000001,],
[0.6509300000000001,0.34907,],
[0.5272000000000001,0.4728,],
[0.4474500000000001,0.5525500000000001,],
[0.5640300000000001,0.43597,],
[0.5536300000000001,0.44637,],
[0.50147,0.4985300000000001,],
[0.40062,0.5993800000000001,],
[0.5274700000000001,0.47253,],
[0.3641100000000001,0.6358900000000001,],
[0.5022300000000001,0.49777,],
[0.39075,0.6092500000000001,],
[0.45282,0.5471800000000001,],
[0.4778,0.5222000000000001,],
[0.43133,0.5686700000000001,],
[0.5133200000000001,0.4866800000000001,],
[0.5941700000000001,0.4058300000000001,],
[0.6335800000000001,0.3664200000000001,],
[0.6491700000000001,0.3508300000000001,],
[0.6495400000000001,0.35046,],
[0.3943800000000001,0.6056200000000002,],
[0.50125,0.4987500000000001,],
[0.38613,0.61387,],
[0.48933,0.5106700000000001,],
[0.5482600000000001,0.45174,],
[0.50177,0.4982300000000001,],
[0.43015,0.5698500000000001,],
[0.47565,0.5243500000000001,],
[0.5091000000000001,0.4909000000000001,],
[0.5296200000000001,0.4703800000000001,],
[0.45684,0.5431600000000001,],
[0.3882500000000001,0.6117500000000001,],
[0.5020800000000001,0.4979200000000001,],
[0.60906,0.39094,],
[0.50785,0.4921500000000001,],
[0.47197,0.5280300000000001,],
[0.46016,0.53984,],
[0.4999300000000001,0.5000700000000001,],
[0.5305600000000001,0.46944,],
[0.4474500000000001,0.5525500000000001,],
[0.48217,0.5178300000000001,],
[0.4924600000000001,0.5075400000000001,],
[0.60587,0.39413,],
[0.4996800000000001,0.5003200000000001,],
[0.4097500000000001,0.5902500000000001,],
[0.54632,0.45368,],
[0.6142300000000001,0.3857700000000001,],
[0.4861800000000001,0.5138200000000002,],
[0.4895300000000001,0.5104700000000001,],
[0.56521,0.43479,],
[0.4305100000000001,0.5694900000000002,],
[0.5464000000000001,0.4536,],
[0.5061400000000001,0.4938600000000001,],
[0.4089200000000001,0.59108,],
[0.4975400000000001,0.5024600000000001,],
[0.43048,0.5695200000000001,],
[0.60129,0.3987100000000001,],
[0.5240800000000001,0.47592,],
[0.5253900000000001,0.47461,],
[0.5522400000000001,0.44776,],
[0.51403,0.48597,],
[0.4995100000000001,0.50049,],
[0.47234,0.5276600000000002,],
[0.5445500000000001,0.45545,],
[0.4305100000000001,0.5694900000000002,],
[0.4994800000000001,0.5005200000000001,],
[0.5462100000000001,0.45379,],
[0.45285,0.54715,],
[0.48,0.5200000000000001,],
[0.50287,0.4971300000000001,],
[0.59328,0.40672,],
[0.42613,0.57387,],
[0.46274,0.5372600000000001,],
[0.61763,0.38237,],
[0.60067,0.39933,],
[0.5442800000000001,0.45572,],
[0.5000600000000002,0.4999400000000001,],
[0.4999000000000001,0.5001000000000001,],
[0.5547400000000001,0.44526,],
[0.66651,0.33349,],
[0.5973900000000001,0.40261,],
[0.5305500000000002,0.46945,],
[0.35395,0.6460500000000001,],
[0.5282100000000002,0.47179,],
[0.4987100000000001,0.50129,],
[0.5148100000000001,0.4851900000000001,],
[0.5762000000000002,0.4238000000000001,],
[0.5585200000000001,0.44148,],
[0.4989600000000001,0.50104,],
[0.44787,0.55213,],
[0.57613,0.4238700000000001,],
[0.5592900000000001,0.44071,],
[0.5603400000000001,0.4396600000000001,],
[0.5386300000000001,0.4613700000000001,],
[0.5690200000000002,0.43098,],
[0.27186,0.7281400000000001,],
[0.63109,0.3689100000000001,],
[0.66703,0.33297,],
[0.4473800000000001,0.5526200000000001,],
[0.4989400000000001,0.5010600000000001,],
[0.4498800000000001,0.5501200000000001,],
[0.43022,0.5697800000000002,],
[0.6001500000000001,0.39985,],
[0.3865800000000001,0.6134200000000002,],
[0.5266000000000002,0.4734,],
[0.4573800000000001,0.5426200000000001,],
[0.6793000000000001,0.3207,],
[0.5945300000000001,0.4054700000000001,],
[0.5767000000000001,0.4233000000000001,],
[0.4461700000000001,0.5538300000000002,],
[0.5006200000000001,0.4993800000000001,],
[0.4432,0.5568000000000001,],
[0.59599,0.40401,],
[0.4621700000000001,0.5378300000000001,],
[0.43324,0.5667600000000002,],
[0.4153000000000001,0.5847000000000001,],
[0.5297900000000001,0.4702100000000001,],
[0.5330100000000001,0.4669900000000001,],
[0.5620600000000001,0.4379400000000001,],
[0.4275100000000001,0.5724900000000001,],
[0.4445800000000001,0.5554200000000001,],
[0.4964600000000001,0.5035400000000001,],
[0.45916,0.5408400000000001,],
[0.5556000000000001,0.4444000000000001,],
[0.66925,0.33075,],
[0.6459200000000002,0.35408,],
[0.4468800000000001,0.5531200000000002,],
[0.35125,0.64875,],
[0.5583100000000002,0.4416900000000001,],
[0.5993900000000001,0.40061,],
[0.5948700000000001,0.40513,],
[0.46061,0.53939,],
[0.4991400000000001,0.5008600000000001,],
[0.57477,0.4252300000000001,],
[0.3396000000000001,0.6604,],
[0.5312500000000001,0.4687500000000001,],
[0.5240300000000001,0.47597,],
[0.5283100000000002,0.47169,],
[0.53965,0.46035,],
[0.3852300000000001,0.61477,],
[0.46173,0.53827,],
[0.56032,0.43968,],
[0.5743400000000001,0.42566,],
[0.5037200000000001,0.4962800000000001,],
[0.5169600000000001,0.48304,],
[0.43053,0.5694700000000001,],
[0.5028800000000001,0.4971200000000001,],
[0.5022500000000001,0.4977500000000001,],
[0.5687300000000001,0.43127,],
[0.5236600000000001,0.47634,],
[0.4293600000000001,0.57064,],
[0.6690100000000001,0.3309900000000001,],
[0.34013,0.65987,],
[0.5198100000000001,0.4801900000000001,],
[0.50051,0.4994900000000001,],
[0.5668200000000001,0.43318,],
[0.4623200000000001,0.53768,],
[0.5165200000000001,0.48348,],
[0.2716500000000001,0.7283500000000001,],
[0.45894,0.5410600000000001,],
[0.4161300000000001,0.5838700000000001,],
[0.6464700000000001,0.3535300000000001,],
[0.5304200000000002,0.4695800000000001,],
[0.42737,0.5726300000000001,],
[0.5682100000000001,0.4317900000000001,],
[0.5000700000000001,0.4999300000000001,],
[0.5278300000000001,0.47217,],
[0.57551,0.42449,],
[0.63139,0.36861,],
[0.67747,0.32253,],
[0.53464,0.4653600000000001,],
[0.44401,0.5559900000000001,],
[0.5218900000000001,0.47811,],
[0.5053200000000001,0.4946800000000001,],
[0.4636200000000001,0.5363800000000001,],
[0.5270300000000001,0.47297,],
[0.4998000000000001,0.5002000000000001,],
[0.5004400000000001,0.4995600000000001,],
[0.5055000000000002,0.4945000000000001,],
[0.53751,0.4624900000000001,],
[0.45549,0.54451,],
[0.6031500000000001,0.39685,],
[0.6115800000000001,0.3884200000000001,],
[0.5310000000000001,0.469,],
[0.6132200000000001,0.3867800000000001,],
[0.55661,0.4433900000000001,],
[0.5899700000000001,0.4100300000000001,],
[0.50857,0.49143,],
[0.5033400000000001,0.4966600000000001,],
[0.61617,0.3838300000000001,],
[0.48134,0.5186600000000001,],
[0.46948,0.5305200000000002,],
[0.40684,0.5931600000000001,],
[0.5211700000000001,0.4788300000000001,],
[0.47173,0.5282700000000001,],
[0.58351,0.41649,],
[0.58257,0.4174300000000001,],
[0.53735,0.4626500000000001,],
[0.61512,0.3848800000000001,],
[0.4980400000000001,0.5019600000000002,],
[0.5390600000000001,0.4609400000000001,],
[0.5238800000000001,0.47612,],
[0.5666400000000001,0.43336,],
[0.4637100000000001,0.53629,],
[0.48336,0.5166400000000001,],
[0.49236,0.5076400000000001,],
[0.39342,0.6065800000000001,],
[0.4544900000000001,0.5455100000000002,],
[0.48345,0.5165500000000001,],
[0.53803,0.46197,],
[0.4993100000000001,0.5006900000000001,],
[0.6661800000000001,0.33382,],
[0.6313200000000001,0.36868,],
[0.5211600000000002,0.47884,],
[0.4318,0.5682000000000001,],
[0.48104,0.5189600000000001,],
[0.65746,0.3425400000000001,],
[0.6040500000000001,0.3959500000000001,],
[0.47212,0.5278800000000002,],
[0.5232200000000001,0.47678,],
[0.6665200000000001,0.33348,],
[0.4985300000000001,0.50147,],
[0.4430500000000001,0.5569500000000001,],
[0.5677400000000001,0.43226,],
[0.6822400000000001,0.31776,],
[0.53325,0.4667500000000001,],
[0.5480900000000001,0.45191,],
[0.6100400000000001,0.38996,],
[0.4049200000000001,0.5950800000000002,],
[0.5649400000000001,0.43506,],
[0.6301000000000001,0.3699,],
[0.4407300000000001,0.5592700000000002,],
[0.5003200000000001,0.4996800000000001,],
[0.5719400000000001,0.4280600000000001,],
[0.4226700000000001,0.57733,],
[0.36193,0.6380700000000001,],
[0.65263,0.3473700000000001,],
[0.52715,0.47285,],
[0.5195000000000001,0.4805,],
[0.46236,0.5376400000000001,],
[0.5206400000000001,0.47936,],
[0.5667300000000001,0.43327,],
[0.5719500000000001,0.42805,],
[0.5003400000000001,0.4996600000000001,],
[0.5478600000000001,0.45214,],
[0.51307,0.48693,],
[0.43187,0.56813,],
[0.6134200000000002,0.3865800000000001,],
[0.4714,0.5286000000000002,],
[0.478,0.522,],
[0.43077,0.5692300000000001,],
[0.6801600000000001,0.31984,],
[0.4254000000000001,0.5746000000000001,],
[0.5477300000000001,0.4522700000000001,],
[0.4992300000000001,0.50077,],
[0.5587500000000001,0.44125,],
[0.53987,0.46013,],
[0.5542100000000001,0.4457900000000001,],
[0.58335,0.41665,],
[0.4929200000000001,0.5070800000000002,],
[0.4863,0.5137,],
[0.53517,0.4648300000000001,],
[0.3615700000000001,0.6384300000000001,],
[0.5152800000000001,0.48472,],
[0.5585400000000001,0.44146,],
[0.5010800000000001,0.49892,],
[0.5160000000000001,0.484,],
[0.5920500000000001,0.4079500000000001,],
[0.58079,0.41921,],
[0.39292,0.6070800000000002,],
[0.6551900000000001,0.3448100000000001,],
[0.5465400000000001,0.45346,],
[0.6547500000000001,0.3452500000000001,],
[0.4299000000000001,0.5701000000000002,],
[0.54122,0.45878,],
[0.5186300000000001,0.4813700000000001,],
[0.50093,0.4990700000000001,],
[0.4972500000000001,0.50275,],
[0.35094,0.6490600000000001,],
[0.5529900000000001,0.4470100000000001,],
[0.5326200000000001,0.4673800000000001,],
[0.47777,0.5222300000000001,],
[0.3228200000000001,0.6771800000000001,],
[0.4403900000000001,0.5596100000000001,],
[0.48247,0.51753,],
[0.66728,0.33272,],
[0.5326200000000001,0.4673800000000001,],
[0.3542,0.6458000000000002,],
[0.4981600000000001,0.5018400000000001,],
[0.3526300000000001,0.64737,],
[0.4244300000000001,0.57557,],
[0.5529200000000001,0.44708,],
[0.49392,0.5060800000000001,],
[0.35698,0.6430200000000001,],
[0.4599500000000001,0.54005,],
[0.53463,0.4653700000000001,],
[0.5638900000000001,0.4361100000000001,],
[0.5489600000000001,0.45104,],
[0.35254,0.64746,],
[0.4993600000000001,0.5006400000000001,],
[0.33362,0.6663800000000001,],
[0.4463900000000001,0.55361,],
[0.5527299999999999,0.4472700000000001,],
[0.6110600000000002,0.3889400000000001,],
[0.4762700000000001,0.5237300000000001,],
[0.47909,0.5209100000000001,],
[0.48128,0.5187200000000001,],
[0.53452,0.46548,],
[0.4264300000000001,0.57357,],
[0.3354200000000001,0.6645800000000001,],
[0.4977100000000001,0.5022900000000001,],
[0.44259,0.5574100000000001,],
[0.43537,0.5646300000000001,],
[0.5202200000000002,0.47978,],
[0.4330600000000001,0.5669400000000002,],
[0.4809,0.5191000000000001,],
[0.43154,0.5684600000000002,],
[0.47768,0.5223200000000001,],
[0.5520200000000001,0.44798,],
[0.4441000000000001,0.5559000000000002,],
[0.4429400000000001,0.5570600000000001,],
[0.4967900000000001,0.50321,],
[0.5233600000000002,0.47664,],
[0.58286,0.41714,],
[0.6521800000000001,0.3478200000000001,],
[0.6627999999999999,0.3372000000000001,],
[0.6096500000000001,0.39035,],
[0.3248300000000001,0.67517,],
[0.4906,0.5094000000000001,],
[0.5504800000000001,0.4495200000000001,],
[0.43821,0.5617900000000001,],
[0.5248300000000001,0.47517,],
[0.50009,0.4999100000000001,],
[0.5576100000000001,0.4423900000000001,],
[0.5218000000000002,0.4782,],
[0.5566800000000002,0.44332,],
[0.5581400000000002,0.4418600000000001,],
[0.44018,0.5598200000000001,],
[0.3593000000000001,0.6407000000000002,],
[0.6131700000000001,0.3868300000000001,],
[0.51497,0.48503,],
[0.5830000000000001,0.417,],
[0.5559500000000001,0.44405,],
[0.5006800000000001,0.4993200000000001,],
[0.6027600000000002,0.39724,],
[0.5717400000000002,0.4282600000000001,],
[0.43633,0.5636700000000001,],
[0.48277,0.5172300000000001,],
[0.46186,0.5381400000000002,],
[0.4778,0.5222000000000001,],
[0.43198,0.5680200000000001,],
[0.6512800000000001,0.34872,],
[0.5208100000000001,0.4791900000000001,],
[0.6050400000000001,0.39496,],
[0.4992000000000001,0.5008,],
[0.6905100000000001,0.30949,],
[0.5488600000000001,0.45114,],
[0.6644600000000001,0.3355400000000001,],
[0.53609,0.46391,],
[0.48012,0.5198800000000002,],
[0.47908,0.5209200000000002,],
[0.65952,0.3404800000000001,],
[0.5550700000000001,0.44493,],
[0.5724700000000001,0.4275300000000001,],
[0.6904800000000001,0.30952,],
[0.5006,0.4994000000000001,],
[0.4849100000000001,0.5150900000000002,],
[0.5298400000000001,0.4701600000000001,],
[0.5667800000000002,0.43322,],
[0.47961,0.5203900000000001,],
[0.43318,0.5668200000000001,],
[0.6107600000000002,0.38924,],
[0.5595400000000001,0.4404600000000001,],
[0.43617,0.5638300000000002,],
[0.5460900000000001,0.45391,],
[0.48532,0.5146800000000001,],
[0.50136,0.4986400000000001,],
[0.4978500000000001,0.5021500000000001,],
[0.4431900000000001,0.55681,],
[0.5813000000000001,0.4187000000000001,],
[0.50376,0.4962400000000001,],
[0.34939,0.6506100000000001,],
[0.4853000000000001,0.5147000000000002,],
[0.6400200000000001,0.3599800000000001,],
[0.3660600000000001,0.6339400000000001,],
[0.62663,0.37337,],
[0.5606800000000002,0.43932,],
[0.4443800000000001,0.5556200000000001,],
[0.4985000000000001,0.5015000000000001,],
[0.5713800000000002,0.4286200000000001,],
[0.4519900000000001,0.5480100000000001,],
[0.5922400000000001,0.4077600000000001,],
[0.5046000000000002,0.4954000000000001,],
[0.58731,0.41269,],
[0.6466200000000002,0.3533800000000001,],
[0.55625,0.44375,],
[0.65791,0.3420900000000001,],
[0.5841200000000001,0.41588,],
[0.5715000000000002,0.4285,],
[0.4988400000000001,0.50116,],
[0.48325,0.51675,],
[0.4832,0.5168,],
[0.43473,0.5652700000000001,],
[0.44265,0.5573500000000001,],
[0.3870400000000001,0.6129600000000002,],
[0.39974,0.6002600000000001,],
[0.5671700000000001,0.43283,],
[0.50375,0.4962500000000001,],
[0.45095,0.54905,],
[0.4830200000000001,0.5169800000000001,],
[0.5012099999999999,0.4987900000000001,],
[0.4911300000000001,0.50887,],
[0.47917,0.5208300000000001,],
[0.60321,0.39679,],
[0.4975800000000001,0.5024200000000001,],
[0.48964,0.5103600000000001,],
[0.5651900000000001,0.43481,],
[0.34844,0.6515600000000001,],
[0.5899600000000002,0.41004,],
[0.4916700000000001,0.5083300000000001,],
[0.49128,0.5087200000000001,],
[0.49905,0.50095,],
[0.5016700000000001,0.4983300000000001,],
[0.57419,0.42581,],
[0.54479,0.45521,],
[0.6516200000000001,0.34838,],
[0.4878500000000001,0.5121500000000001,],
[0.4875,0.5125000000000002,],
[0.5038800000000001,0.4961200000000001,],
[0.43226,0.5677400000000001,],
[0.47905,0.5209500000000001,],
[0.5045200000000002,0.4954800000000001,],
[0.50009,0.4999100000000001,],
[0.5540200000000001,0.44598,],
[0.48045,0.5195500000000001,],
[0.38082,0.6191800000000001,],
[0.57485,0.4251500000000001,],
[0.6438300000000001,0.35617,],
[0.5866300000000001,0.41337,],
[0.4421600000000001,0.55784,],
[0.6027400000000002,0.3972600000000001,],
[0.57563,0.42437,],
[0.5516600000000002,0.4483400000000001,],
[0.4993800000000001,0.5006200000000001,],
[0.58769,0.4123100000000001,],
[0.5044400000000001,0.4955600000000001,],
[0.5785,0.4215,],
[0.3645700000000001,0.6354300000000002,],
[0.6455500000000001,0.35445,],
[0.3821000000000001,0.6179000000000001,],
[0.4985800000000001,0.5014200000000001,],
[0.54467,0.45533,],
[0.48256,0.5174400000000001,],
[0.5890600000000001,0.41094,],
[0.5007000000000001,0.4993000000000001,],
[0.6005800000000001,0.3994200000000001,],
[0.5515800000000002,0.4484200000000001,],
[0.6275800000000001,0.37242,],
[0.5538100000000001,0.4461900000000001,],
[0.39909,0.6009100000000001,],
[0.4885,0.5115000000000001,],
[0.6528200000000002,0.3471800000000001,],
[0.3775500000000001,0.6224500000000001,],
[0.5034000000000001,0.4966,],
[0.6033800000000001,0.39662,],
[0.50137,0.4986300000000001,],
[0.4814100000000001,0.5185900000000001,],
[0.5620700000000001,0.43793,],
[0.6581200000000001,0.3418800000000001,],
[0.5657900000000001,0.43421,],
[0.5608800000000002,0.4391200000000001,],
[0.48624,0.5137600000000001,],
[0.5711400000000002,0.4288600000000001,],
[0.5773699999999999,0.4226300000000001,],
[0.55242,0.44758,],
[0.48273,0.5172700000000001,],
[0.4986400000000001,0.50136,],
[0.4979300000000001,0.5020700000000001,],
[0.45689,0.5431100000000001,],
[0.46074,0.5392600000000001,],
[0.5332,0.4668,],
[0.46805,0.53195,],
[0.37465,0.6253500000000001,],
[0.38125,0.61875,],
[0.48598,0.51402,],
[0.5619900000000001,0.4380100000000001,],
[0.4763000000000001,0.5237000000000002,],
[0.4566,0.5434000000000001,],
[0.4985200000000001,0.50148,],
[0.5921700000000001,0.4078300000000001,],
[0.4394700000000001,0.5605300000000001,],
[0.44925,0.5507500000000001,],
[0.47676,0.5232400000000001,],
[0.34941,0.6505900000000001,],
[0.4702700000000001,0.52973,],
[0.47678,0.5232200000000001,],
[0.5992000000000002,0.4008,],
[0.46144,0.53856,],
[0.5906600000000001,0.40934,],
[0.49781,0.50219,],
[0.4367900000000001,0.5632100000000001,],
[0.6509300000000001,0.34907,],
[0.4433400000000001,0.5566600000000002,],
[0.5276500000000002,0.47235,],
[0.52203,0.47797,],
[0.5648500000000001,0.43515,],
[0.5074800000000002,0.49252,],
[0.5325000000000001,0.4675000000000001,],
[0.44013,0.5598700000000001,],
[0.43632,0.5636800000000002,],
[0.4996800000000001,0.5003200000000001,],
[0.53442,0.46558,],
[0.5069000000000001,0.4931000000000001,],
[0.4614300000000001,0.53857,],
[0.41761,0.5823900000000001,],
[0.4561000000000001,0.5439000000000002,],
[0.4215100000000001,0.5784899999999999,],
[0.46711,0.53289,],
[0.4519300000000001,0.5480700000000002,],
[0.65193,0.34807,],
[0.5302600000000002,0.46974,],
[0.50057,0.4994300000000001,],
[0.6828200000000001,0.31718,],
[0.5664000000000001,0.4336,],
[0.47447,0.5255300000000001,],
[0.42864,0.5713600000000002,],
[0.41334,0.5866600000000001,],
[0.37071,0.62929,],
[0.4787500000000001,0.5212500000000001,],
[0.43849,0.5615100000000002,],
[0.50785,0.4921500000000001,],
[0.6873900000000001,0.3126100000000001,],
[0.5023100000000001,0.4976900000000001,],
[0.67721,0.3227900000000001,],
[0.4568,0.5432000000000001,],
[0.48466,0.5153400000000001,],
[0.4932300000000001,0.5067700000000001,],
[0.3829900000000001,0.6170100000000001,],
[0.3482,0.6518000000000002,],
[0.5227000000000002,0.4773,],
[0.461,0.539,],
[0.5663700000000002,0.43363,],
[0.6798500000000001,0.3201500000000001,],
[0.50152,0.4984800000000001,],
[0.47939,0.5206100000000001,],
[0.6204400000000001,0.37956,],
[0.46388,0.53612,],
[0.4903600000000001,0.5096400000000002,],
[0.4645900000000001,0.5354100000000001,],
[0.52297,0.47703,],
[0.41651,0.58349,],
[0.47408,0.5259200000000002,],
[0.4546700000000001,0.5453300000000001,],
[0.47916,0.5208400000000002,],
[0.50144,0.4985600000000001,],
[0.5529600000000001,0.44704,],
[0.5558400000000001,0.4441600000000001,],
[0.5611100000000001,0.43889,],
[0.4784,0.5216000000000001,],
[0.56521,0.43479,],
[0.45302,0.54698,],
[0.4276100000000001,0.5723900000000002,],
[0.48417,0.5158300000000001,],
[0.6228,0.3772,],
[0.55178,0.4482200000000001,],
[0.4992000000000001,0.5008,],
[0.4864100000000001,0.5135900000000001,],
[0.4775,0.5225000000000002,],
[0.5991800000000002,0.4008200000000001,],
[0.5115700000000001,0.4884300000000001,],
[0.42097,0.57903,],
[0.4175800000000001,0.58242,],
[0.4943000000000001,0.5057,],
[0.4629800000000001,0.5370200000000001,],
[0.5516700000000001,0.4483300000000001,],
[0.48434,0.5156600000000001,],
[0.50085,0.4991500000000001,],
[0.4985100000000001,0.50149,],
[0.45604,0.5439600000000001,],
[0.5296400000000001,0.4703600000000001,],
[0.44358,0.5564200000000001,],
[0.5199000000000003,0.4801000000000001,],
[0.5595000000000001,0.4405000000000001,],
[0.5619800000000001,0.4380200000000001,],
[0.4652200000000001,0.53478,],
[0.42878,0.5712200000000002,],
[0.5134300000000001,0.4865700000000001,],
[0.4570500000000001,0.5429500000000002,],
[0.50009,0.4999100000000001,],
[0.3846300000000001,0.61537,],
[0.4857900000000001,0.5142100000000001,],
[0.5374099999999999,0.4625900000000001,],
[0.6012500000000001,0.39875,],
[0.5210800000000001,0.47892,],
[0.5720500000000002,0.4279500000000001,],
[0.5132300000000001,0.48677,],
[0.48596,0.5140400000000001,],
[0.5326400000000001,0.4673600000000001,],
[0.3836700000000001,0.6163299999999999,],
[0.4979000000000001,0.5021000000000001,],
[0.43356,0.5664400000000002,],
[0.55081,0.44919,],
[0.46718,0.5328200000000001,],
[0.5576300000000001,0.44237,],
[0.5983400000000001,0.40166,],
[0.6008300000000001,0.39917,],
[0.46077,0.53923,],
[0.44257,0.5574300000000001,],
[0.4841800000000001,0.5158200000000002,],
[0.4354700000000001,0.5645300000000001,],
[0.49905,0.50095,],
[0.54425,0.45575,],
[0.38246,0.6175400000000001,],
[0.54317,0.45683,],
[0.4634400000000001,0.53656,],
[0.39231,0.6076900000000001,],
[0.5933400000000001,0.4066600000000001,],
[0.5191600000000001,0.48084,],
[0.5362300000000001,0.4637700000000001,],
[0.5505500000000001,0.4494500000000001,],
[0.5427900000000001,0.4572100000000001,],
[0.49777,0.5022300000000001,],
[0.43686,0.5631400000000001,],
[0.5813900000000001,0.41861,],
[0.4841900000000001,0.5158100000000001,],
[0.42848,0.5715200000000001,],
[0.47954,0.5204600000000001,],
[0.5602900000000001,0.43971,],
[0.6000400000000001,0.39996,],
[0.4672700000000001,0.53273,],
[0.37831,0.62169,],
[0.43664,0.5633600000000002,],
[0.5007000000000001,0.4993000000000001,],
[0.5260100000000001,0.47399,],
[0.55019,0.44981,],
[0.5740600000000001,0.42594,],
[0.5158700000000001,0.4841300000000001,],
[0.5624400000000002,0.43756,],
[0.5196200000000001,0.48038,],
[0.5586300000000002,0.44137,],
[0.5414000000000001,0.4586,],
[0.5821500000000001,0.4178500000000001,],
[0.5234300000000002,0.47657,],
[0.4982700000000001,0.50173,],
[0.6014400000000001,0.39856,],
[0.6310100000000001,0.36899,],
[0.40541,0.5945900000000001,],
[0.46356,0.53644,],
[0.5667400000000001,0.43326,],
[0.6018300000000002,0.3981700000000001,],
[0.46438,0.5356200000000001,],
[0.4834600000000001,0.5165400000000001,],
[0.5491600000000001,0.45084,],
[0.6028500000000001,0.3971500000000001,],
[0.5022900000000001,0.4977100000000001,],
[0.5998800000000002,0.40012,],
[0.44248,0.55752,],
[0.43119,0.5688100000000001,],
[0.5141500000000001,0.4858500000000001,],
[0.6026400000000001,0.39736,],
[0.39181,0.6081900000000001,],
[0.42609,0.57391,],
[0.5742200000000001,0.42578,],
[0.6248800000000001,0.3751200000000001,],
[0.6002800000000001,0.39972,],
[0.4989700000000001,0.5010300000000001,],
[0.5757,0.4243000000000001,],
[0.5156000000000001,0.4844000000000001,],
[0.4863,0.5137,],
[0.45543,0.54457,],
[0.58923,0.41077,],
[0.4828500000000001,0.5171500000000001,],
[0.5189900000000001,0.48101,],
[0.4047800000000001,0.5952200000000001,],
[0.4445700000000001,0.5554300000000001,],
[0.57625,0.4237500000000001,],
[0.49908,0.50092,],
[0.4986400000000001,0.50136,],
[0.5542000000000001,0.4458,],
[0.57995,0.42005,],
[0.5457400000000001,0.45426,],
[0.4918300000000001,0.50817,],
[0.61903,0.38097,],
[0.41578,0.5842200000000002,],
[0.5430600000000001,0.45694,],
[0.4591,0.5409,],
[0.4749700000000001,0.5250300000000002,],
[0.5534000000000001,0.4466,],
[0.50124,0.49876,],
[0.4940000000000001,0.506,],
[0.50629,0.4937100000000001,],
[0.42225,0.57775,],
[0.32828,0.6717200000000001,],
[0.57989,0.4201100000000001,],
[0.35783,0.64217,],
[0.6511400000000002,0.34886,],
[0.62636,0.37364,],
[0.5787700000000001,0.4212300000000001,],
[0.4933100000000001,0.50669,],
[0.4999700000000001,0.5000300000000001,],
[0.4922600000000001,0.5077400000000002,],
[0.6401300000000001,0.3598700000000001,],
[0.47844,0.5215600000000001,],
[0.4863400000000001,0.5136600000000001,],
[0.5891800000000001,0.41082,],
[0.4086900000000001,0.59131,],
[0.53325,0.4667500000000001,],
[0.54465,0.45535,],
[0.50321,0.4967900000000001,],
[0.4954800000000001,0.5045200000000002,],
[0.5033500000000001,0.4966500000000001,],
[0.5501200000000001,0.4498800000000001,],
[0.3268800000000001,0.6731200000000001,],
[0.5577500000000001,0.44225,],
[0.43221,0.56779,],
[0.47101,0.5289900000000001,],
[0.48406,0.5159400000000001,],
[0.4885,0.5115000000000001,],
[0.4215200000000001,0.57848,],
[0.6415600000000001,0.35844,],
[0.55018,0.4498200000000001,],
[0.50115,0.4988500000000001,],
[0.4494500000000001,0.5505500000000001,],
[0.53881,0.46119,],
[0.5130100000000001,0.4869900000000001,],
[0.49904,0.5009600000000001,],
[0.43421,0.5657900000000001,],
[0.6172300000000001,0.3827700000000001,],
[0.32509,0.67491,],
[0.47613,0.5238700000000001,],
[0.3269000000000001,0.6731,],
[0.4505000000000001,0.5495000000000001,],
[0.50083,0.4991700000000001,],
[0.53193,0.46807,],
[0.46945,0.5305500000000002,],
[0.46439,0.53561,],
[0.4829900000000001,0.5170100000000001,],
[0.41962,0.5803800000000001,],
[0.57763,0.42237,],
[0.4856800000000001,0.51432,],
[0.5589500000000002,0.4410500000000001,],
[0.5410000000000001,0.459,],
[0.5331000000000001,0.4669,],
[0.50221,0.4977900000000001,],
[0.48708,0.5129200000000002,],
[0.45935,0.5406500000000001,],
[0.62105,0.3789500000000001,],
[0.54073,0.45927,],
[0.3585100000000001,0.6414900000000001,],
[0.5879000000000001,0.4121,],
[0.4308,0.5692000000000002,],
[0.5147400000000002,0.4852600000000001,],
[0.4685500000000001,0.5314500000000001,],
[0.4908600000000001,0.50914,],
[0.4996800000000001,0.5003200000000001,],
[0.5039400000000001,0.4960600000000001,],
[0.37621,0.62379,],
[0.46172,0.5382800000000001,],
[0.65002,0.34998,],
[0.40823,0.59177,],
[0.4697600000000001,0.5302400000000002,],
[0.5000400000000002,0.4999600000000001,],
[0.4637000000000001,0.5363000000000001,],
[0.45953,0.5404700000000001,],
[0.5046100000000001,0.4953900000000001,],
[0.4997900000000001,0.50021,],
[0.3042300000000001,0.69577,],
[0.47378,0.5262200000000001,],
[0.6247100000000001,0.3752900000000001,],
[0.52961,0.4703900000000001,],
[0.47893,0.52107,],
[0.43247,0.5675300000000001,],
[0.47989,0.5201100000000001,],
[0.6194000000000001,0.3806,],
[0.37753,0.6224700000000001,],
[0.3031700000000001,0.6968300000000001,],
[0.5000400000000002,0.4999600000000001,],
[0.4961800000000001,0.50382,],
[0.5732800000000001,0.42672,],
[0.4994800000000001,0.5005200000000001,],
[0.41943,0.5805699999999999,],
[0.5309700000000001,0.4690300000000001,],
[0.5822000000000001,0.4178,],
[0.5171900000000001,0.4828100000000001,],
[0.49744,0.5025600000000001,],
[0.48722,0.5127800000000001,],
[0.4703900000000001,0.52961,],
[0.5712100000000001,0.4287900000000001,],
[0.4996700000000001,0.5003300000000001,],
[0.5959000000000001,0.4041000000000001,],
[0.6003000000000002,0.3997000000000001,],
[0.5715900000000002,0.4284100000000001,],
[0.3927,0.6073000000000002,],
[0.5559200000000001,0.44408,],
[0.44926,0.5507400000000001,],
[0.5145000000000001,0.4855,],
[0.4498800000000001,0.5501200000000001,],
[0.4965800000000001,0.5034200000000001,],
[0.5961400000000001,0.4038600000000001,],
[0.50149,0.4985100000000001,],
[0.4544300000000001,0.5455700000000001,],
[0.7635400000000001,0.23646,],
[0.46801,0.5319900000000001,],
[0.5716500000000001,0.4283500000000001,],
[0.5501699999999999,0.4498300000000001,],
[0.5732700000000001,0.4267300000000001,],
[0.4481200000000001,0.5518800000000001,],
[0.42145,0.57855,],
[0.60111,0.39889,],
[0.4544300000000001,0.5455700000000001,],
[0.4991400000000001,0.5008600000000001,],
[0.5197100000000001,0.4802900000000001,],
[0.47418,0.5258200000000002,],
[0.4992200000000001,0.5007800000000001,],
[0.45516,0.5448400000000001,],
[0.50923,0.49077,],
[0.5615700000000001,0.43843,],
[0.5315500000000001,0.46845,],
[0.5703600000000001,0.42964,],
[0.76431,0.23569,],
[0.5246800000000001,0.47532,],
[0.4980300000000001,0.5019700000000001,],
[0.5920600000000001,0.4079400000000001,],
[0.63945,0.36055,],
[0.4524,0.5476,],
[0.43266,0.5673400000000002,],
[0.52841,0.47159,],
[0.5816500000000001,0.4183500000000001,],
[0.38848,0.6115200000000001,],
[0.4693100000000001,0.5306900000000001,],
[0.47566,0.5243400000000001,],
[0.59299,0.40701,],
[0.50043,0.4995700000000001,],
[0.5000200000000001,0.4999800000000001,],
[0.61682,0.3831800000000001,],
[0.62638,0.37362,],
[0.63915,0.36085,],
[0.5187100000000001,0.4812900000000001,],
[0.5545600000000001,0.4454400000000001,],
[0.5745400000000001,0.4254600000000001,],
[0.4990200000000001,0.5009800000000001,],
[0.6401200000000001,0.35988,],
[0.4947000000000001,0.5053000000000001,],
[0.50043,0.4995700000000001,],
[0.3854600000000001,0.6145400000000001,],
[0.4282300000000001,0.5717700000000001,],
[0.5474100000000001,0.45259,],
[0.4989600000000001,0.50104,],
[0.4504900000000001,0.5495100000000001,],
[0.5526000000000001,0.4474,],
[0.45408,0.5459200000000001,],
[0.45413,0.5458700000000001,],
[0.6131200000000001,0.3868800000000001,],
[0.38468,0.6153200000000001,],
[0.4998300000000001,0.50017,],
[0.42854,0.5714600000000002,],
[0.54754,0.45246,],
[0.4884700000000001,0.51153,],
[0.5094800000000002,0.4905200000000001,],
[0.5718700000000001,0.4281300000000001,],
[0.5071400000000001,0.4928600000000001,],
[0.4276300000000001,0.5723700000000002,],
[0.62412,0.37588,],
[0.4278200000000001,0.5721800000000001,],
[0.42998,0.5700200000000001,],
[0.4982400000000001,0.5017600000000001,],
[0.51941,0.4805900000000001,],
[0.4701600000000001,0.5298400000000001,],
[0.4511,0.5489000000000001,],
[0.4462,0.5538000000000002,],
[0.5608700000000002,0.4391300000000001,],
[0.5280100000000001,0.47199,],
[0.6401400000000002,0.3598600000000001,],
[0.54953,0.45047,],
[0.54664,0.45336,],
[0.5162200000000001,0.48378,],
[0.50126,0.4987400000000001,],
[0.5007400000000001,0.4992600000000001,],
[0.6805200000000001,0.31948,],
[0.45426,0.5457400000000001,],
[0.36688,0.6331200000000001,],
[0.4941800000000001,0.5058200000000002,],
[0.43982,0.5601800000000001,],
[0.5179400000000002,0.48206,],
[0.5249100000000001,0.47509,],
[0.5645200000000001,0.43548,],
[0.41694,0.58306,],
[0.68049,0.3195100000000001,],
[0.4994300000000001,0.50057,],
[0.545,0.455,],
[0.6335100000000001,0.3664900000000001,],
[0.64749,0.35251,],
[0.5286600000000001,0.47134,],
[0.5173500000000002,0.4826500000000001,],
[0.4505400000000001,0.5494600000000001,],
[0.43224,0.56776,],
[0.45941,0.54059,],
[0.45275,0.54725,],
[0.5476800000000001,0.45232,],
[0.50009,0.4999100000000001,],
[0.4341900000000001,0.5658100000000001,],
[0.4890500000000001,0.5109500000000001,],
[0.42493,0.57507,],
[0.5721900000000001,0.4278100000000001,],
[0.56809,0.43191,],
[0.44052,0.5594800000000001,],
[0.51407,0.48593,],
[0.36516,0.6348400000000001,],
[0.6341100000000001,0.36589,],
[0.4329000000000001,0.5671000000000002,],
[0.4995700000000001,0.50043,],
[0.5303300000000001,0.46967,],
[0.5669700000000001,0.43303,],
[0.5023900000000001,0.4976100000000001,],
[0.6489100000000001,0.35109,],
[0.5218800000000001,0.47812,],
[0.54464,0.45536,],
[0.49005,0.5099500000000001,],
[0.6430800000000002,0.35692,],
[0.4908300000000001,0.50917,],
[0.5296600000000001,0.4703400000000001,],
[0.4998900000000001,0.5001100000000001,],
[0.2968,0.7032,],
[0.5612500000000001,0.43875,],
[0.4906700000000001,0.5093300000000001,],
[0.47474,0.5252600000000002,],
[0.38364,0.61636,],
[0.44264,0.5573600000000001,],
[0.5263700000000001,0.4736300000000001,],
[0.4200300000000001,0.57997,],
[0.5660600000000002,0.43394,],
[0.2996200000000001,0.7003800000000001,],
[0.50158,0.4984200000000001,],
[0.5303900000000001,0.46961,],
[0.4255100000000001,0.5744899999999999,],
[0.5606300000000001,0.43937,],
[0.41716,0.58284,],
[0.5179800000000002,0.4820200000000001,],
[0.5148800000000001,0.4851200000000001,],
[0.5705800000000001,0.4294200000000001,],
[0.5044700000000001,0.4955300000000001,],
[0.5588200000000001,0.44118,],
[0.5283600000000002,0.47164,],
[0.5012099999999999,0.4987900000000001,],
[0.5584300000000001,0.44157,],
[0.66527,0.33473,],
[0.45053,0.54947,],
[0.5320400000000002,0.46796,],
[0.44765,0.55235,],
[0.5713000000000001,0.4287,],
[0.6486200000000002,0.35138,],
[0.4916300000000001,0.5083700000000001,],
[0.4267100000000001,0.5732900000000001,],
[0.5570300000000001,0.4429700000000001,],
[0.4998900000000001,0.5001100000000001,],
[0.6181000000000001,0.3819000000000001,],
[0.5732,0.4268000000000001,],
[0.5635000000000002,0.4365000000000001,],
[0.43132,0.5686800000000002,],
[0.43729,0.56271,],
[0.5229500000000001,0.47705,],
[0.47281,0.52719,],
[0.5588700000000001,0.44113,],
[0.6648400000000001,0.33516,],
[0.6173200000000001,0.38268,],
[0.5020300000000001,0.4979700000000001,],
[0.5621400000000002,0.4378600000000001,],
[0.4190700000000001,0.5809299999999999,],
[0.45819,0.54181,],
[0.5188,0.4812,],
[0.5525200000000001,0.44748,],
[0.3783400000000001,0.6216600000000001,],
[0.41645,0.58355,],
[0.45163,0.5483700000000001,],
[0.5735100000000001,0.4264900000000001,],
[0.56271,0.43729,],
[0.4982000000000001,0.5018000000000001,],
[0.50017,0.4998300000000001,],
[0.4902500000000001,0.5097500000000001,],
[0.5593100000000001,0.44069,],
[0.5409800000000001,0.45902,],
[0.5927000000000001,0.4073000000000001,],
[0.4867000000000001,0.5133000000000001,],
[0.55705,0.4429500000000001,],
[0.5546300000000001,0.44537,],
[0.6402300000000002,0.3597700000000001,],
[0.47536,0.5246400000000001,],
[0.4894700000000001,0.51053,],
[0.50063,0.4993700000000001,],
[0.4953000000000001,0.5047000000000001,],
[0.5182100000000001,0.4817900000000001,],
[0.5050000000000001,0.4950000000000001,],
[0.47454,0.5254600000000001,],
[0.50792,0.4920800000000001,],
[0.5358600000000001,0.4641400000000001,],
[0.5100100000000001,0.48999,],
[0.5148200000000002,0.4851800000000001,],
[0.55371,0.44629,],
[0.4952900000000001,0.5047100000000001,],
[0.50073,0.4992700000000001,],
[0.6752,0.3248,],
[0.6465900000000001,0.3534100000000001,],
[0.4612700000000001,0.53873,],
[0.4283100000000001,0.5716900000000001,],
[0.48725,0.51275,],
[0.5803600000000001,0.41964,],
[0.42365,0.57635,],
[0.5436700000000001,0.45633,],
[0.5171400000000002,0.4828600000000001,],
[0.6761300000000001,0.3238700000000001,],
[0.4989100000000001,0.50109,],
[0.50339,0.4966100000000001,],
[0.36852,0.63148,],
[0.41533,0.58467,],
[0.40628,0.59372,],
[0.48033,0.5196700000000001,],
[0.5230100000000001,0.47699,],
[0.5922900000000001,0.4077100000000001,],
[0.50345,0.49655,],
[0.6473400000000001,0.35266,],
[0.5062200000000001,0.4937800000000001,],
[0.50019,0.4998100000000001,],
[0.47579,0.5242100000000001,],
[0.5253200000000002,0.47468,],
[0.4813000000000001,0.5187000000000002,],
[0.6377000000000002,0.3623000000000001,],
[0.6155800000000001,0.3844200000000001,],
[0.48533,0.5146700000000001,],
[0.47179,0.5282100000000002,],
[0.46032,0.53968,],
[0.37025,0.62975,],
[0.47698,0.5230200000000002,],
[0.50104,0.4989600000000001,],
[0.6258000000000001,0.3742,],
[0.38226,0.6177400000000001,],
[0.58545,0.41455,],
[0.6357500000000001,0.3642500000000001,],
[0.5584600000000002,0.44154,],
[0.5079600000000001,0.49204,],
[0.43044,0.5695600000000002,],
[0.4149800000000001,0.5850200000000001,],
[0.5273000000000001,0.4727,],
[0.6250800000000001,0.37492,],
[0.4987300000000001,0.50127,],
[0.4455300000000001,0.5544700000000001,],
[0.4681900000000001,0.5318100000000001,],
[0.6179800000000001,0.3820200000000001,],
[0.54917,0.4508300000000001,],
[0.5334200000000001,0.4665800000000001,],
[0.48589,0.5141100000000001,],
[0.4074300000000001,0.59257,],
[0.48368,0.5163200000000001,],
[0.38245,0.61755,],
[0.4480900000000001,0.5519100000000001,],
[0.50217,0.4978300000000001,],
[0.5334800000000001,0.46652,],
[0.5902000000000001,0.4098,],
[0.6356700000000001,0.36433,],
[0.5134500000000001,0.4865500000000001,],
[0.5801400000000001,0.4198600000000001,],
[0.47962,0.5203800000000002,],
[0.6368,0.3632,],
[0.58311,0.41689,],
[0.4673900000000001,0.53261,],
[0.53484,0.46516,],
[0.4993700000000001,0.50063,],
[0.5133300000000001,0.4866700000000001,],
[0.4736300000000001,0.5263700000000001,],
[0.5158700000000001,0.4841300000000001,],
[0.4213000000000001,0.5787000000000001,],
[0.5228200000000002,0.47718,],
[0.61887,0.38113,],
[0.63424,0.36576,],
[0.61898,0.38102,],
[0.58794,0.41206,],
[0.5097100000000001,0.4902900000000001,],
[0.50029,0.4997100000000001,],
[0.4990000000000001,0.5010000000000001,],
[0.4932000000000001,0.5068,],
[0.40988,0.5901200000000001,],
[0.59083,0.40917,],
[0.5048000000000001,0.4952,],
[0.4849000000000001,0.5151000000000002,],
[0.44271,0.5572900000000001,],
[0.4782,0.5218000000000002,],
[0.59339,0.40661,],
[0.47474,0.5252600000000002,],
[0.4933700000000001,0.50663,],
[0.5001500000000001,0.4998500000000001,],
[0.54216,0.45784,],
[0.51907,0.48093,],
[0.46916,0.5308400000000002,],
[0.49572,0.5042800000000001,],
[0.5247000000000002,0.4753000000000001,],
[0.5043800000000002,0.4956200000000001,],
[0.5001100000000001,0.4998900000000001,],
[0.5073600000000001,0.49264,],
[0.41006,0.5899400000000001,],
[0.5398000000000001,0.4602,],
[0.4970200000000001,0.5029800000000001,],
[0.47916,0.5208400000000002,],
[0.63182,0.3681800000000001,],
[0.5159000000000001,0.4841000000000001,],
[0.46274,0.5372600000000001,],
[0.5294900000000001,0.4705100000000001,],
[0.5319000000000002,0.4681000000000001,],
[0.41109,0.58891,],
[0.58955,0.41045,],
[0.5186000000000002,0.4814000000000001,],
[0.4801300000000001,0.5198700000000002,],
[0.5020500000000001,0.4979500000000001,],
[0.5789500000000001,0.42105,],
[0.5675000000000001,0.4325,],
[0.60645,0.3935500000000001,],
[0.55544,0.4445600000000001,],
[0.53898,0.46102,],
[0.59129,0.4087100000000001,],
[0.4984300000000001,0.50157,],
[0.4697900000000001,0.5302100000000002,],
[0.6284200000000001,0.37158,],
[0.5793200000000001,0.42068,],
[0.4978500000000001,0.5021500000000001,],
[0.5598000000000001,0.4402,],
[0.41681,0.58319,],
[0.5539000000000002,0.4461000000000001,],
[0.5895600000000001,0.41044,],
[0.51195,0.48805,],
[0.48461,0.5153900000000001,],
[0.4961000000000001,0.5039000000000001,],
[0.51427,0.4857300000000001,],
[0.5662800000000002,0.43372,],
[0.5588400000000001,0.44116,],
[0.4992900000000001,0.5007100000000001,],
[0.47212,0.5278800000000002,],
[0.45889,0.5411100000000001,],
[0.6534200000000002,0.3465800000000001,],
[0.4682600000000001,0.5317400000000002,],
[0.4420700000000001,0.55793,],
[0.5230100000000001,0.47699,],
[0.462,0.538,],
[0.6043200000000002,0.39568,],
[0.4148100000000001,0.5851900000000001,],
[0.47221,0.5277900000000001,],
[0.50085,0.4991500000000001,],
[0.45378,0.5462200000000001,],
[0.39724,0.6027600000000002,],
[0.5913900000000001,0.4086100000000001,],
[0.47368,0.5263200000000001,],
[0.50152,0.4984800000000001,],
[0.5267800000000001,0.47322,],
[0.5615500000000001,0.43845,],
[0.5546200000000001,0.4453800000000001,],
[0.46196,0.5380400000000001,],
[0.45329,0.54671,],
[0.5008400000000001,0.49916,],
[0.55437,0.4456300000000001,],
[0.5285000000000002,0.4715,],
[0.59337,0.40663,],
[0.4943900000000001,0.50561,],
[0.5318000000000002,0.4682,],
[0.54447,0.45553,],
[0.58841,0.41159,],
[0.6549700000000001,0.3450300000000001,],
[0.39791,0.6020900000000001,],
[0.5581200000000002,0.4418800000000001,],
[0.5003300000000001,0.4996700000000001,],
[0.5122400000000001,0.4877600000000001,],
[0.47128,0.5287200000000001,],
[0.5079100000000001,0.4920900000000001,],
[0.4153500000000001,0.58465,],
[0.59084,0.40916,],
[0.5116000000000001,0.4884000000000001,],
[0.46974,0.5302600000000002,],
[0.5902400000000001,0.40976,],
[0.5277200000000002,0.47228,],
[0.5136700000000001,0.48633,],
[0.5000700000000001,0.4999300000000001,],
[0.5019700000000001,0.4980300000000001,],
[0.5122100000000002,0.4877900000000001,],
[0.40044,0.5995600000000002,],
[0.54735,0.45265,],
[0.4419500000000001,0.55805,],
[0.4089400000000001,0.59106,],
[0.5159600000000001,0.48404,],
[0.4827100000000001,0.5172900000000001,],
[0.5559500000000001,0.44405,],
[0.4505000000000001,0.5495000000000001,],
[0.5121300000000001,0.4878700000000001,],
[0.4986500000000001,0.5013500000000001,],
[0.4967400000000001,0.5032600000000002,],
[0.39664,0.6033600000000001,],
[0.52681,0.47319,],
[0.3818300000000001,0.61817,],
[0.34405,0.65595,],
[0.5029300000000001,0.4970700000000001,],
[0.47588,0.5241200000000001,],
[0.4533900000000001,0.54661,],
[0.3973,0.6027000000000001,],
[0.4985000000000001,0.5015000000000001,],
[0.4989400000000001,0.5010600000000001,],
[0.5523600000000001,0.44764,],
[0.6443500000000001,0.35565,],
[0.37329,0.62671,],
[0.45614,0.5438600000000001,],
[0.46256,0.53744,],
[0.5132100000000001,0.4867900000000001,],
[0.43589,0.5641100000000001,],
[0.5478200000000001,0.45218,],
[0.3927,0.6073000000000002,],
[0.5566300000000001,0.44337,],
[0.4966500000000001,0.5033500000000001,],
[0.5239000000000001,0.4761,],
[0.44017,0.55983,],
[0.43117,0.5688300000000002,],
[0.5221000000000001,0.4779,],
[0.37704,0.6229600000000001,],
[0.4519400000000001,0.5480600000000002,],
[0.44236,0.5576400000000001,],
[0.5287500000000001,0.47125,],
[0.6480300000000001,0.35197,],
[0.5235900000000001,0.4764100000000001,],
[0.50109,0.4989100000000001,],
[0.59811,0.40189,],
[0.41457,0.58543,],
[0.54159,0.45841,],
[0.43196,0.5680400000000001,],
[0.4833100000000001,0.5166900000000001,],
[0.4083900000000001,0.5916100000000001,],
[0.38244,0.6175600000000001,],
[0.37537,0.62463,],
[0.43815,0.5618500000000001,],
[0.5969200000000001,0.40308,],
[0.4977900000000001,0.50221,],
[0.4443300000000001,0.5556700000000001,],
[0.5220400000000001,0.47796,],
[0.4853000000000001,0.5147000000000002,],
[0.5234500000000001,0.47655,],
[0.5125400000000002,0.4874600000000001,],
[0.3448800000000001,0.65512,],
[0.4596000000000001,0.5404000000000001,],
[0.42988,0.5701200000000002,],
[0.41612,0.5838800000000002,],
[0.44526,0.5547400000000001,],
[0.4995900000000001,0.50041,],
[0.6011300000000001,0.3988700000000001,],
[0.44737,0.5526300000000001,],
[0.4297000000000001,0.5703000000000001,],
[0.48284,0.5171600000000002,],
[0.50585,0.4941500000000001,],
[0.46321,0.53679,],
[0.5203600000000002,0.47964,],
[0.5406500000000001,0.45935,],
[0.5224600000000003,0.4775400000000001,],
[0.6097600000000002,0.39024,],
[0.5019800000000002,0.4980200000000001,],
[0.5675400000000002,0.43246,],
[0.64105,0.35895,],
[0.5561500000000001,0.44385,],
[0.4777400000000001,0.5222600000000002,],
[0.5108,0.4892000000000001,],
[0.3746,0.6254000000000001,],
[0.4239400000000001,0.5760600000000001,],
[0.48238,0.5176200000000002,],
[0.4447700000000001,0.55523,],
[0.5682000000000001,0.4318,],
[0.49893,0.50107,],
[0.5033500000000001,0.4966500000000001,],
[0.4498400000000001,0.55016,],
[0.45275,0.54725,],
[0.43634,0.5636600000000002,],
[0.45295,0.54705,],
[0.4823,0.5177000000000002,],
[0.5239100000000001,0.47609,],
[0.43213,0.5678700000000001,],
[0.6390100000000001,0.3609900000000001,],
[0.5056,0.4944000000000001,],
[0.5022400000000001,0.49776,],
[0.5017600000000001,0.4982400000000001,],
[0.5609500000000002,0.4390500000000001,],
[0.43344,0.5665600000000002,],
[0.58779,0.41221,],
[0.48214,0.5178600000000001,],
[0.33358,0.6664200000000001,],
[0.4416700000000001,0.5583300000000001,],
[0.47211,0.5278900000000002,],
[0.5160400000000002,0.4839600000000001,],
[0.4968000000000001,0.5032000000000001,],
[0.5636200000000001,0.43638,],
[0.5011800000000001,0.4988200000000001,],
[0.4390500000000001,0.5609500000000002,],
[0.5054800000000002,0.4945200000000001,],
[0.4867500000000001,0.5132500000000001,],
[0.44257,0.5574300000000001,],
[0.6227200000000001,0.37728,],
[0.54181,0.45819,],
[0.5264500000000001,0.47355,],
[0.65605,0.3439500000000001,],
[0.43612,0.5638800000000002,],
[0.4367900000000001,0.5632100000000001,],
[0.5019200000000001,0.4980800000000001,],
[0.4052300000000001,0.5947700000000001,],
[0.74394,0.2560600000000001,],
[0.46524,0.53476,],
[0.39702,0.6029800000000001,],
[0.4279200000000001,0.5720800000000001,],
[0.46589,0.53411,],
[0.5303700000000001,0.46963,],
[0.5882499999999999,0.41175,],
[0.50663,0.4933700000000001,],
[0.4052000000000001,0.5948000000000001,],
[0.4996800000000001,0.5003200000000001,],
[0.41277,0.58723,],
[0.5331800000000001,0.4668200000000001,],
[0.6096900000000001,0.39031,],
[0.5783699999999999,0.4216300000000001,],
[0.5903900000000001,0.40961,],
[0.54381,0.45619,],
[0.4807,0.5193000000000001,],
[0.4892000000000001,0.5108,],
[0.7461500000000001,0.2538500000000001,],
[0.41205,0.58795,],
[0.5003800000000002,0.4996200000000001,],
[0.4505000000000001,0.5495000000000001,],
[0.42672,0.5732800000000001,],
[0.6052000000000001,0.3948,],
[0.70189,0.29811,],
[0.5169,0.4831,],
[0.3316100000000001,0.6683900000000002,],
[0.44214,0.55786,],
[0.4686500000000001,0.5313500000000001,],
[0.5305200000000002,0.46948,],
[0.4531500000000001,0.5468500000000001,],
[0.4991400000000001,0.5008600000000001,],
[0.3663000000000001,0.6337,],
[0.46791,0.5320900000000001,],
[0.47597,0.5240300000000001,],
[0.5628000000000001,0.4372,],
[0.4442900000000001,0.5557100000000001,],
[0.6230300000000001,0.37697,],
[0.39679,0.60321,],
[0.6093800000000001,0.39062,],
[0.42592,0.57408,],
[0.36861,0.63139,],
[0.50058,0.4994200000000001,],
[0.6393500000000001,0.36065,],
[0.3653900000000001,0.63461,],
[0.3512,0.6488000000000002,],
[0.47154,0.5284600000000002,],
[0.5434600000000001,0.45654,],
[0.4272900000000001,0.5727100000000002,],
[0.5792700000000001,0.42073,],
[0.6063600000000001,0.39364,],
[0.46804,0.5319600000000001,],
[0.6411300000000001,0.3588700000000001,],
[0.5023000000000002,0.4977000000000001,],
[0.58725,0.4127500000000001,],
[0.4928800000000001,0.5071200000000001,],
[0.5161800000000001,0.48382,],
[0.5271600000000001,0.47284,],
[0.46003,0.53997,],
[0.5899700000000001,0.4100300000000001,],
[0.70323,0.29677,],
[0.47338,0.5266200000000002,],
[0.36272,0.6372800000000001,],
[0.58521,0.41479,],
[0.50143,0.4985700000000001,],
[0.6024000000000002,0.3976,],
[0.4943600000000001,0.5056400000000001,],
[0.65721,0.34279,],
[0.5318900000000001,0.4681100000000001,],
[0.5461500000000001,0.45385,],
[0.5209400000000002,0.47906,],
[0.56267,0.43733,],
[0.3461000000000001,0.6539000000000001,],
[0.4952900000000001,0.5047100000000001,],
[0.5985400000000001,0.40146,],
[0.5003300000000001,0.4996700000000001,],
[0.49892,0.5010800000000001,],
[0.55744,0.44256,],
[0.5204900000000001,0.47951,],
[0.47494,0.5250600000000002,],
[0.5050100000000001,0.4949900000000001,],
[0.5414100000000001,0.4585900000000001,],
[0.43541,0.56459,],
[0.45394,0.5460600000000001,],
[0.491,0.5090000000000001,],
[0.5213800000000001,0.47862,],
[0.5554800000000001,0.44452,],
[0.4986400000000001,0.50136,],
[0.4396,0.5604,],
[0.5613500000000001,0.43865,],
[0.6479800000000002,0.3520200000000001,],
[0.5455300000000001,0.45447,],
[0.5992900000000001,0.4007100000000001,],
[0.5697400000000001,0.43026,],
[0.5055100000000001,0.4944900000000001,],
[0.5409200000000001,0.45908,],
[0.52169,0.47831,],
[0.43937,0.5606300000000001,],
[0.5009400000000001,0.4990600000000001,],
[0.5965000000000001,0.4035000000000001,],
[0.5838800000000002,0.41612,],
[0.5599000000000002,0.4401,],
[0.6096900000000001,0.39031,],
[0.41812,0.5818800000000001,],
[0.36933,0.6306700000000001,],
[0.54252,0.45748,],
[0.47423,0.5257700000000001,],
[0.5607700000000001,0.4392300000000001,],
[0.5944600000000002,0.4055400000000001,],
[0.4994200000000001,0.50058,],
[0.5995900000000002,0.40041,],
[0.57865,0.4213500000000001,],
[0.46944,0.5305600000000001,],
[0.5204700000000001,0.47953,],
[0.5624300000000001,0.43757,],
[0.5118800000000001,0.4881200000000001,],
[0.5058800000000001,0.4941200000000001,],
[0.6463500000000001,0.35365,],
[0.5829500000000001,0.41705,],
[0.5957100000000001,0.40429,],
[0.4998000000000001,0.5002000000000001,],
[0.47204,0.5279600000000002,],
[0.4944500000000001,0.5055500000000001,],
[0.5565200000000001,0.44348,],
[0.66479,0.33521,],
[0.5074300000000002,0.4925700000000001,],
[0.53833,0.46167,],
[0.5454400000000001,0.45456,],
[0.5622800000000001,0.43772,],
[0.57805,0.42195,],
[0.47183,0.5281700000000001,],
[0.49632,0.50368,],
[0.5070100000000001,0.4929900000000001,],
[0.56137,0.43863,],
[0.59745,0.4025500000000001,],
[0.4165,0.5835,],
[0.43649,0.5635100000000002,],
[0.6030900000000001,0.3969100000000001,],
[0.6114300000000001,0.3885700000000001,],
[0.4659300000000001,0.53407,],
[0.4948600000000001,0.5051400000000001,],
[0.50939,0.49061,],
[0.5001800000000001,0.4998200000000001,],
[0.50343,0.4965700000000001,],
[0.4686300000000001,0.5313700000000001,],
[0.5011100000000001,0.4988900000000001,],
[0.45674,0.5432600000000002,],
[0.5695300000000001,0.43047,],
[0.41431,0.5856899999999999,],
[0.5196000000000001,0.4804,],
[0.5563000000000001,0.4437,],
[0.5611600000000002,0.43884,],
[0.5052500000000001,0.4947500000000001,],
[0.5014000000000001,0.4986,],
[0.6274200000000002,0.3725800000000001,],
[0.3888900000000001,0.6111100000000002,],
[0.4876800000000001,0.5123200000000001,],
[0.50505,0.4949500000000001,],
[0.36644,0.6335600000000001,],
[0.56271,0.43729,],
[0.6611100000000001,0.33889,],
[0.5923900000000001,0.4076100000000001,],
[0.46661,0.53339,],
[0.6281200000000001,0.37188,],
[0.4974200000000001,0.5025800000000001,],
[0.43505,0.5649500000000001,],
[0.5190900000000001,0.4809100000000001,],
[0.5426200000000001,0.4573800000000001,],
[0.54445,0.45555,],
[0.5127800000000001,0.48722,],
[0.50914,0.4908600000000001,],
[0.4177900000000001,0.58221,],
[0.5025800000000001,0.4974200000000001,],
[0.3874700000000001,0.6125300000000001,],
[0.4344,0.5656000000000001,],
[0.5014200000000001,0.4985800000000001,],
[0.5000400000000002,0.4999600000000001,],
[0.55115,0.44885,],
[0.4547100000000001,0.5452900000000001,],
[0.40513,0.5948700000000001,],
[0.6107400000000002,0.3892600000000001,],
[0.38392,0.61608,],
[0.4396100000000001,0.5603900000000001,],
[0.4009400000000001,0.5990600000000001,],
[0.3684100000000001,0.6315900000000001,],
[0.6370400000000001,0.3629600000000001,],
[0.5535000000000002,0.4465000000000001,],
[0.4987200000000001,0.5012800000000001,],
[0.58099,0.41901,],
[0.4651000000000001,0.5349,],
[0.59055,0.40945,],
[0.4036200000000001,0.5963800000000001,],
[0.5468600000000001,0.45314,],
[0.5274100000000002,0.4725900000000001,],
[0.49088,0.50912,],
[0.5497400000000001,0.45026,],
[0.45266,0.54734,],
[0.58213,0.4178700000000001,],
[0.4990300000000001,0.50097,],
[0.45702,0.5429800000000001,],
[0.5601400000000001,0.43986,],
[0.43893,0.5610700000000001,],
[0.5295400000000001,0.47046,],
[0.5256500000000002,0.47435,],
[0.429,0.5710000000000002,],
[0.32176,0.6782400000000001,],
[0.4021600000000001,0.59784,],
[0.4625900000000001,0.5374099999999999,],
[0.45509,0.54491,],
[0.5001100000000001,0.4998900000000001,],
[0.5416400000000001,0.45836,],
[0.4244700000000001,0.57553,],
[0.42877,0.5712300000000001,],
[0.5589000000000002,0.4411,],
[0.5991100000000001,0.4008900000000001,],
[0.44113,0.5588700000000001,],
[0.6119800000000002,0.3880200000000001,],
[0.5848600000000002,0.4151400000000001,],
[0.5614900000000002,0.4385100000000001,],
[0.54154,0.45846,],
[0.5008899999999999,0.4991100000000001,],
[0.44088,0.5591200000000001,],
[0.47251,0.5274900000000001,],
[0.43088,0.5691200000000002,],
[0.5768400000000001,0.42316,],
[0.53263,0.4673700000000001,],
[0.3827800000000001,0.6172200000000001,],
[0.40157,0.59843,],
[0.43496,0.5650400000000001,],
[0.4230700000000001,0.5769300000000001,],
[0.4422200000000001,0.5577800000000001,],
[0.5010000000000001,0.4990000000000001,],
[0.4961700000000001,0.50383,],
[0.53734,0.4626600000000001,],
[0.54015,0.45985,],
[0.4519400000000001,0.5480600000000002,],
[0.43877,0.5612300000000001,],
[0.5493100000000001,0.45069,],
[0.53354,0.46646,],
[0.4252100000000001,0.57479,],
[0.4698900000000001,0.5301100000000002,],
[0.4971700000000001,0.50283,],
[0.5008,0.4992000000000001,],
[0.44069,0.5593100000000001,],
[0.5556900000000001,0.4443100000000001,],
[0.44608,0.5539200000000001,],
[0.4062100000000001,0.59379,],
[0.5262900000000001,0.4737100000000001,],
[0.5258100000000001,0.4741900000000001,],
[0.56225,0.43775,],
[0.43296,0.5670400000000001,],
[0.5361600000000001,0.46384,],
[0.4415500000000001,0.5584500000000001,],
[0.4996000000000001,0.5004000000000001,],
[0.6234200000000001,0.3765800000000001,],
[0.42294,0.57706,],
[0.3664600000000001,0.6335400000000001,],
[0.48644,0.5135600000000001,],
[0.43132,0.5686800000000002,],
[0.5972200000000001,0.40278,],
[0.5754699999999999,0.42453,],
[0.5382400000000001,0.46176,],
[0.5538400000000001,0.4461600000000001,],
[0.62275,0.37725,],
[0.5020500000000001,0.4979500000000001,],
[0.44608,0.5539200000000001,],
[0.6370100000000001,0.3629900000000001,],
[0.5482300000000001,0.45177,],
[0.3217000000000001,0.6783000000000001,],
[0.4404600000000001,0.5595400000000001,],
[0.53256,0.4674400000000001,],
[0.45279,0.54721,],
[0.44693,0.5530700000000001,],
[0.4241300000000001,0.57587,],
[0.44693,0.5530700000000001,],
[0.4997800000000001,0.5002200000000001,],
[0.5003800000000002,0.4996200000000001,],
[0.50407,0.4959300000000001,],
[0.4081500000000001,0.5918500000000001,],
[0.46273,0.53727,],
[0.55081,0.44919,],
[0.44992,0.55008,],
[0.5268800000000001,0.47312,],
[0.4801800000000001,0.5198200000000002,],
[0.6076500000000001,0.39235,],
[0.4570500000000001,0.5429500000000002,],
[0.5033300000000001,0.4966700000000001,],
[0.5011000000000001,0.4989000000000001,],
[0.5123800000000002,0.4876200000000001,],
[0.5161400000000002,0.4838600000000001,],
[0.47501,0.5249900000000002,],
[0.4851300000000001,0.5148700000000002,],
[0.47487,0.5251300000000001,],
[0.43804,0.5619600000000001,],
[0.4548,0.5452,],
[0.5240500000000001,0.47595,],
[0.4021800000000001,0.5978200000000001,],
[0.5121900000000001,0.4878100000000001,],
[0.50019,0.4998100000000001,],
[0.46157,0.5384300000000001,],
[0.5623100000000001,0.43769,],
[0.43624,0.5637600000000001,],
[0.5112600000000002,0.4887400000000001,],
[0.4238500000000001,0.5761500000000001,],
[0.4885,0.5115000000000001,],
[0.5138600000000001,0.48614,],
[0.4637100000000001,0.53629,],
[0.5173000000000002,0.4827000000000001,],
[0.45956,0.5404400000000001,],
[0.4993400000000001,0.5006600000000001,],
[0.5193200000000001,0.48068,],
[0.5384000000000001,0.4616,],
[0.6468600000000001,0.35314,],
[0.44486,0.5551400000000001,],
[0.5109100000000001,0.4890900000000001,],
[0.412,0.5880000000000001,],
[0.55259,0.44741,],
[0.47156,0.5284400000000001,],
[0.5645300000000001,0.4354700000000001,],
[0.5217400000000001,0.47826,],
[0.50059,0.4994100000000001,],
[0.5647600000000002,0.43524,],
[0.5266300000000002,0.47337,],
[0.39696,0.6030400000000001,],
[0.45927,0.54073,],
[0.4476200000000001,0.5523800000000001,],
[0.4476600000000001,0.5523400000000001,],
[0.4866800000000001,0.5133200000000001,],
[0.44119,0.55881,],
[0.53733,0.4626700000000001,],
[0.5618700000000001,0.43813,],
[0.4996200000000001,0.5003800000000002,],
[0.4839300000000001,0.5160700000000001,],
[0.4203500000000001,0.57965,],
[0.57807,0.42193,],
[0.5910200000000001,0.4089800000000001,],
[0.5242000000000001,0.4758,],
[0.47543,0.52457,],
[0.5097400000000002,0.4902600000000001,],
[0.6455100000000001,0.35449,],
[0.5297900000000001,0.4702100000000001,],
[0.48375,0.51625,],
[0.5000200000000001,0.4999800000000001,],
[0.5030600000000001,0.4969400000000001,],
[0.5989300000000001,0.4010700000000001,],
[0.4699500000000001,0.5300500000000001,],
[0.48211,0.5178900000000001,],
[0.4339,0.5661000000000002,],
[0.4270300000000001,0.5729700000000001,],
[0.4426,0.5574000000000001,],
[0.3997600000000001,0.6002400000000001,],
[0.41974,0.58026,],
[0.5025400000000001,0.4974600000000001,],
[0.4959800000000001,0.50402,],
[0.5906100000000001,0.4093900000000001,],
[0.5630600000000001,0.4369400000000001,],
[0.6049200000000001,0.39508,],
[0.45376,0.5462400000000001,],
[0.48949,0.51051,],
[0.5087000000000002,0.4913000000000001,],
[0.45781,0.5421899999999999,],
[0.5781500000000001,0.4218500000000001,],
[0.5955400000000001,0.40446,],
[0.5944800000000001,0.40552,],
[0.4986700000000001,0.5013300000000001,],
[0.44108,0.5589200000000002,],
[0.4589800000000001,0.5410200000000002,],
[0.5255100000000001,0.47449,],
[0.5134900000000001,0.4865100000000001,],
[0.4083100000000001,0.59169,],
[0.4492300000000001,0.5507700000000001,],
[0.5900000000000001,0.41,],
[0.47063,0.52937,],
[0.5624600000000002,0.43754,],
[0.43697,0.56303,],
[0.49876,0.50124,],
[0.4995300000000001,0.5004700000000001,],
[0.42493,0.57507,],
[0.5036200000000001,0.49638,],
[0.4637500000000001,0.53625,],
[0.38503,0.61497,],
[0.53434,0.46566,],
[0.5482200000000002,0.45178,],
[0.5507500000000001,0.44925,],
[0.33376,0.6662400000000001,],
[0.5258800000000001,0.47412,],
[0.4250600000000001,0.5749400000000001,],
[0.5032500000000001,0.4967500000000001,],
[0.59052,0.40948,],
[0.54001,0.4599900000000001,],
[0.58409,0.41591,],
[0.5816400000000002,0.41836,],
[0.47435,0.5256500000000002,],
[0.4413,0.5587000000000002,],
[0.5036200000000001,0.49638,],
[0.4930100000000001,0.5069900000000001,],
[0.5042800000000001,0.49572,],
[0.5887100000000001,0.41129,],
[0.4967000000000001,0.5033000000000001,],
[0.4648600000000001,0.5351400000000001,],
[0.51373,0.48627,],
[0.5077200000000002,0.4922800000000001,],
[0.4355100000000001,0.56449,],
[0.4681900000000001,0.5318100000000001,],
[0.59465,0.40535,],
[0.5201900000000002,0.47981,],
[0.4646,0.5354000000000001,],
[0.54176,0.45824,],
[0.46373,0.53627,],
[0.4996200000000001,0.5003800000000002,],
[0.5915300000000001,0.4084700000000001,],
[0.54955,0.45045,],
[0.44402,0.5559800000000001,],
[0.3652200000000001,0.6347800000000001,],
[0.4256900000000001,0.5743100000000001,],
[0.61509,0.3849100000000001,],
[0.38237,0.61763,],
[0.5838100000000001,0.4161900000000001,],
[0.5125200000000002,0.48748,],
[0.5939800000000002,0.4060200000000001,],
[0.4981300000000001,0.50187,],
[0.43486,0.5651400000000001,],
[0.45764,0.5423600000000001,],
[0.4853600000000001,0.5146400000000001,],
[0.4990200000000001,0.5009800000000001,],
[0.4682500000000001,0.5317500000000002,],
[0.53837,0.46163,],
[0.5853200000000001,0.41468,],
[0.5078300000000001,0.4921700000000001,],
[0.5506100000000002,0.4493900000000001,],
[0.44014,0.5598600000000001,],
[0.4980900000000001,0.5019100000000001,],
[0.4903500000000001,0.5096500000000002,],
[0.6031700000000001,0.3968300000000001,],
[0.5035400000000001,0.4964600000000001,],
[0.49392,0.5060800000000001,],
[0.54379,0.45621,],
[0.47453,0.5254700000000001,],
[0.43155,0.5684500000000001,],
[0.44365,0.5563500000000001,],
[0.4623200000000001,0.53768,],
[0.4906,0.5094000000000001,],
[0.4995100000000001,0.50049,],
[0.5407900000000001,0.45921,],
[0.6047000000000002,0.3953,],
[0.6122500000000001,0.38775,],
[0.5493600000000001,0.45064,],
[0.4402,0.5598000000000001,],
[0.46924,0.5307600000000002,],
[0.3625700000000001,0.6374300000000001,],
[0.4876900000000001,0.5123100000000002,],
[0.60328,0.39672,],
[0.54221,0.45779,],
[0.49988,0.5001200000000001,],
[0.55439,0.4456100000000001,],
[0.5919000000000002,0.4081000000000001,],
[0.33258,0.6674200000000001,],
[0.5013200000000001,0.4986800000000001,],
[0.5955900000000001,0.40441,],
[0.4227400000000001,0.5772600000000001,],
[0.4994300000000001,0.50057,],
[0.5071800000000002,0.4928200000000001,],
[0.6076400000000002,0.39236,],
[0.5533000000000001,0.4467,],
[0.5007000000000001,0.4993000000000001,],
[0.42256,0.5774400000000001,],
[0.5257000000000002,0.4743,],
[0.4905600000000001,0.5094400000000001,],
[0.5207000000000002,0.4793000000000001,],
[0.61857,0.38143,],
[0.4688300000000001,0.5311700000000001,],
[0.4977400000000001,0.5022600000000002,],
[0.6135400000000001,0.38646,],
[0.5878200000000001,0.41218,],
[0.42055,0.57945,],
[0.4992700000000001,0.50073,],
[0.5002300000000001,0.4997700000000001,],
[0.53389,0.4661100000000001,],
[0.6286400000000001,0.37136,],
[0.5728200000000001,0.4271800000000001,],
[0.5868800000000001,0.41312,],
[0.5676600000000002,0.43234,],
[0.5611900000000002,0.43881,],
[0.5670500000000001,0.4329500000000001,],
[0.4341100000000001,0.5658900000000001,],
[0.4815800000000001,0.5184200000000001,],
[0.5380900000000001,0.46191,],
[0.50109,0.4989100000000001,],
[0.5939000000000001,0.4061000000000001,],
[0.3736,0.6264000000000001,],
[0.4545500000000001,0.5454500000000001,],
[0.46804,0.5319600000000001,],
[0.3999500000000001,0.6000500000000001,],
[0.5035700000000001,0.4964300000000001,],
[0.6016600000000002,0.3983400000000001,],
[0.4926,0.5074000000000002,],
[0.62941,0.37059,],
[0.5964,0.4036000000000001,],
[0.5000800000000001,0.4999200000000001,],
[0.5190200000000001,0.48098,],
[0.47361,0.5263900000000001,],
[0.5205000000000002,0.4795,],
[0.5129300000000001,0.4870700000000001,],
[0.5120300000000001,0.4879700000000001,],
[0.50595,0.49405,],
[0.7375900000000001,0.2624100000000001,],
[0.5715200000000001,0.42848,],
[0.3721100000000001,0.6278900000000001,],
[0.5200100000000001,0.47999,],
[0.5028,0.4972000000000001,],
[0.61891,0.38109,],
[0.5138200000000002,0.4861800000000001,],
[0.3858,0.6142000000000001,],
[0.48867,0.5113300000000001,],
[0.46408,0.5359200000000001,],
[0.5934800000000001,0.40652,],
[0.5880600000000001,0.41194,],
[0.45557,0.54443,],
[0.47528,0.5247200000000001,],
[0.61539,0.3846100000000001,],
[0.4996600000000001,0.5003400000000001,],
[0.57289,0.42711,],
[0.47973,0.5202700000000001,],
[0.6453600000000002,0.3546400000000001,],
[0.45524,0.54476,],
[0.6315500000000001,0.3684500000000001,],
[0.5678600000000001,0.43214,],
[0.46841,0.5315900000000001,],
[0.5211200000000001,0.47888,],
[0.5164000000000001,0.4836,],
[0.5724200000000002,0.4275800000000001,],
[0.5000500000000001,0.4999500000000001,],
[0.5423600000000001,0.45764,],
[0.48212,0.5178800000000001,],
[0.5813500000000001,0.4186500000000001,],
[0.5190900000000001,0.4809100000000001,],
[0.5637400000000002,0.43626,],
[0.40151,0.59849,],
[0.51663,0.48337,],
[0.3865100000000001,0.6134900000000001,],
[0.47962,0.5203800000000002,],
[0.5435400000000001,0.45646,],
[0.50337,0.4966300000000001,],
[0.5811400000000001,0.4188600000000001,],
[0.41622,0.5837800000000001,],
[0.48367,0.5163300000000001,],
[0.5662900000000002,0.43371,],
[0.50863,0.49137,],
[0.5106200000000002,0.4893800000000001,],
[0.4890600000000001,0.5109400000000002,],
[0.64492,0.35508,],
[0.4844600000000001,0.5155400000000001,],
[0.5783499999999999,0.42165,],
[0.50027,0.4997300000000001,],
[0.33997,0.66003,],
[0.41783,0.58217,],
[0.4293100000000001,0.57069,],
[0.60128,0.39872,],
[0.5058000000000001,0.4942000000000001,],
[0.45907,0.54093,],
[0.45108,0.5489200000000001,],
[0.57889,0.42111,],
[0.41324,0.5867600000000002,],
[0.3385400000000001,0.66146,],
[0.4988700000000001,0.50113,],
[0.5530900000000001,0.4469100000000001,],
[0.4776300000000001,0.5223700000000001,],
[0.49222,0.5077800000000001,],
[0.7366100000000001,0.2633900000000001,],
[0.59101,0.4089900000000001,],
[0.6322800000000001,0.36772,],
[0.5204900000000001,0.47951,],
[0.4813600000000001,0.5186400000000001,],
[0.4199100000000001,0.58009,],
[0.5493100000000001,0.45069,],
[0.5022300000000001,0.49777,],
];;
