nc_marginals := [
[0.5004866666666667,0.4995133333333334,],
[0.5008577777777778,0.4991422222222222,],
[0.5008533333333334,0.4991466666666667,],
[0.50116,0.49884,],
[0.4997155555555556,0.5002844444444445,],
[0.5004777777777778,0.4995222222222223,],
[0.5010977777777778,0.4989022222222222,],
[0.4997644444444445,0.5002355555555557,],
[0.4992977777777778,0.5007022222222222,],
[0.4998911111111111,0.5001088888888889,],
[0.49968,0.5003200000000001,],
[0.5001333333333333,0.4998666666666667,],
[0.5017888888888888,0.4982111111111111,],
[0.4989377777777778,0.5010622222222222,],
[0.5003244444444446,0.4996755555555555,],
[0.50024,0.49976,],
[0.4998466666666667,0.5001533333333333,],
[0.4987977777777777,0.5012022222222221,],
[0.5002133333333334,0.4997866666666667,],
[0.4997355555555556,0.5002644444444445,],
[0.4991511111111111,0.5008488888888889,],
[0.5000333333333333,0.4999666666666667,],
[0.50134,0.49866,],
[0.5007111111111111,0.4992888888888889,],
[0.4976111111111112,0.5023888888888889,],
[0.50112,0.49888,],
[0.4995022222222222,0.5004977777777778,],
[0.4995266666666667,0.5004733333333333,],
[0.4989511111111111,0.5010488888888889,],
[0.4996111111111112,0.5003888888888889,],
[0.4999622222222222,0.5000377777777778,],
[0.5011800000000001,0.49882,],
[0.5014333333333333,0.4985666666666667,],
[0.4980422222222223,0.5019577777777778,],
[0.49978,0.5002200000000001,],
[0.5011688888888889,0.4988311111111111,],
[0.49966,0.50034,],
[0.5000711111111111,0.4999288888888889,],
[0.5003066666666668,0.4996933333333333,],
[0.5013155555555555,0.4986844444444444,],
[0.4992577777777777,0.5007422222222222,],
[0.4987466666666667,0.5012533333333332,],
[0.5015555555555554,0.4984444444444445,],
[0.4996088888888889,0.5003911111111111,],
[0.4980977777777778,0.5019022222222222,],
[0.5006444444444444,0.4993555555555555,],
[0.4990288888888889,0.500971111111111,],
[0.5002777777777778,0.4997222222222222,],
[0.5016533333333333,0.4983466666666667,],
[0.4994622222222222,0.5005377777777779,],
[0.49932,0.50068,],
[0.50016,0.49984,],
[0.501611111111111,0.4983888888888889,],
[0.5000533333333333,0.4999466666666667,],
[0.5001,0.4999,],
[0.5005088888888889,0.4994911111111111,],
[0.5004377777777778,0.4995622222222222,],
[0.5012044444444443,0.4987955555555555,],
[0.4999377777777778,0.5000622222222222,],
[0.5008822222222222,0.4991177777777778,],
[0.4988044444444444,0.5011955555555555,],
[0.4986777777777778,0.5013222222222222,],
[0.4997866666666667,0.5002133333333334,],
[0.4997355555555556,0.5002644444444445,],
[0.4995288888888889,0.5004711111111111,],
[0.5017844444444445,0.4982155555555556,],
[0.50076,0.49924,],
[0.5010177777777778,0.4989822222222222,],
[0.5001533333333333,0.4998466666666667,],
[0.5001800000000001,0.49982,],
[0.5005222222222223,0.4994777777777778,],
[0.4991733333333334,0.5008266666666666,],
[0.5007977777777778,0.4992022222222222,],
[0.4995844444444445,0.5004155555555556,],
[0.5,0.5,],
[0.5007688888888889,0.4992311111111111,],
[0.5017688888888888,0.4982311111111111,],
[0.5001911111111111,0.4998088888888889,],
[0.5007355555555556,0.4992644444444445,],
[0.5003533333333333,0.4996466666666667,],
[0.4991733333333334,0.5008266666666666,],
[0.4992111111111111,0.500788888888889,],
[0.5005266666666667,0.4994733333333333,],
[0.4987955555555555,0.5012044444444443,],
[0.4997755555555555,0.5002244444444445,],
[0.5002200000000001,0.49978,],
[0.4996,0.5004,],
[0.4990933333333333,0.5009066666666666,],
[0.5005644444444445,0.4994355555555555,],
[0.50004,0.49996,],
[0.5003466666666666,0.4996533333333333,],
[0.500951111111111,0.4990488888888889,],
[0.5019377777777778,0.4980622222222222,],
[0.5012311111111111,0.4987688888888889,],
[0.5007133333333333,0.4992866666666667,],
[0.4995666666666667,0.5004333333333334,],
[0.4992266666666667,0.5007733333333333,],
[0.4994977777777778,0.5005022222222223,],
[0.5002355555555557,0.4997644444444445,],
[0.5008688888888889,0.4991311111111111,],
[0.4987888888888888,0.5012111111111111,],
[0.4995244444444444,0.5004755555555556,],
[0.5007977777777778,0.4992022222222222,],
[0.4997555555555556,0.5002444444444445,],
[0.4995022222222222,0.5004977777777778,],
[0.4997888888888889,0.5002111111111112,],
[0.4997755555555555,0.5002244444444445,],
[0.5006777777777778,0.4993222222222222,],
[0.5000577777777778,0.4999422222222222,],
[0.4991577777777778,0.5008422222222223,],
[0.5009022222222222,0.4990977777777778,],
[0.50078,0.49922,],
[0.4994311111111111,0.500568888888889,],
[0.5005266666666667,0.4994733333333333,],
[0.4998888888888889,0.5001111111111112,],
[0.4997222222222222,0.5002777777777778,],
[0.4977044444444444,0.5022955555555556,],
[0.5007866666666667,0.4992133333333333,],
[0.4995644444444445,0.5004355555555555,],
[0.5009288888888889,0.4990711111111111,],
[0.5003111111111112,0.4996888888888889,],
[0.5002666666666667,0.4997333333333334,],
[0.4986133333333334,0.5013866666666666,],
[0.49994,0.5000600000000001,],
[0.5001,0.4999,],
[0.4987955555555555,0.5012044444444443,],
[0.5004644444444445,0.4995355555555556,],
[0.4989311111111111,0.5010688888888889,],
[0.4993422222222222,0.5006577777777778,],
[0.5005000000000001,0.4995,],
[0.5004022222222222,0.4995977777777778,],
[0.5002311111111112,0.4997688888888889,],
[0.4991088888888889,0.5008911111111112,],
[0.4994977777777778,0.5005022222222223,],
[0.4982488888888889,0.501751111111111,],
[0.5012088888888888,0.4987911111111111,],
[0.5007733333333333,0.4992266666666667,],
[0.500951111111111,0.4990488888888889,],
[0.5017955555555556,0.4982044444444444,],
[0.4997111111111111,0.500288888888889,],
[0.5006200000000001,0.49938,],
[0.4996755555555555,0.5003244444444446,],
[0.4987244444444444,0.5012755555555555,],
[0.4993333333333334,0.5006666666666666,],
[0.49894,0.5010599999999999,],
[0.4995311111111111,0.500468888888889,],
[0.4986044444444445,0.5013955555555555,],
[0.49912,0.50088,],
[0.4994511111111111,0.5005488888888889,],
[0.4997111111111111,0.500288888888889,],
[0.4994666666666667,0.5005333333333334,],
[0.4998177777777777,0.5001822222222223,],
[0.5003577777777778,0.4996422222222222,],
[0.4995977777777778,0.5004022222222222,],
[0.4998044444444444,0.5001955555555556,],
[0.5007111111111111,0.4992888888888889,],
[0.4999088888888889,0.5000911111111112,],
[0.5000844444444444,0.4999155555555555,],
[0.4982555555555556,0.5017444444444444,],
[0.5005466666666667,0.4994533333333333,],
[0.4994066666666667,0.5005933333333334,],
[0.5002622222222223,0.4997377777777778,],
[0.5003866666666666,0.4996133333333334,],
[0.5001511111111111,0.4998488888888889,],
[0.5009399999999999,0.49906,],
[0.5003511111111111,0.4996488888888889,],
[0.4995577777777778,0.5004422222222222,],
[0.5002200000000001,0.49978,],
[0.5020888888888888,0.4979111111111112,],
[0.5011666666666666,0.4988333333333333,],
[0.5001088888888889,0.4998911111111111,],
[0.4992977777777778,0.5007022222222222,],
[0.4999955555555555,0.5000044444444445,],
[0.4993688888888889,0.500631111111111,],
[0.5008222222222223,0.4991777777777778,],
[0.5007755555555555,0.4992244444444444,],
[0.5001888888888889,0.4998111111111111,],
[0.4994355555555555,0.5005644444444445,],
[0.4986666666666666,0.5013333333333333,],
[0.5000111111111111,0.4999888888888889,],
[0.5009377777777777,0.4990622222222222,],
[0.4999688888888889,0.5000311111111111,],
[0.5006911111111111,0.4993088888888889,],
[0.5007688888888889,0.4992311111111111,],
[0.5008822222222222,0.4991177777777778,],
[0.4989311111111111,0.5010688888888889,],
[0.5004377777777778,0.4995622222222222,],
[0.500651111111111,0.4993488888888888,],
[0.5001444444444445,0.4998555555555556,],
[0.50078,0.49922,],
[0.4990355555555556,0.5009644444444444,],
[0.5002622222222223,0.4997377777777778,],
[0.4998488888888889,0.5001511111111111,],
[0.4993688888888889,0.500631111111111,],
[0.501431111111111,0.4985688888888889,],
[0.5003177777777779,0.4996822222222222,],
[0.49924,0.50076,],
[0.4994422222222222,0.5005577777777779,],
[0.5011977777777777,0.4988022222222222,],
[0.5002444444444445,0.4997555555555556,],
[0.4998644444444444,0.5001355555555556,],
[0.5011999999999999,0.4988,],
[0.5007577777777777,0.4992422222222222,],
[0.5004088888888889,0.4995911111111112,],
[0.5005266666666667,0.4994733333333333,],
[0.5005666666666667,0.4994333333333333,],
[0.4990511111111112,0.5009488888888889,],
[0.4999355555555555,0.5000644444444444,],
[0.5011511111111111,0.4988488888888888,],
[0.5002311111111112,0.4997688888888889,],
[0.5003933333333334,0.4996066666666667,],
[0.4989933333333333,0.5010066666666666,],
[0.49912,0.50088,],
[0.5013555555555556,0.4986444444444444,],
[0.5000711111111111,0.4999288888888889,],
[0.4995644444444445,0.5004355555555555,],
[0.5002022222222223,0.4997977777777778,],
[0.4994355555555555,0.5005644444444445,],
[0.4996444444444444,0.5003555555555556,],
[0.5004488888888889,0.4995511111111111,],
[0.5003155555555556,0.4996844444444444,],
[0.5005488888888889,0.4994511111111111,],
[0.4985244444444444,0.5014755555555555,],
[0.5009311111111111,0.4990688888888889,],
[0.4999955555555555,0.5000044444444445,],
[0.4993844444444444,0.5006155555555556,],
[0.4995911111111112,0.5004088888888889,],
[0.5002066666666667,0.4997933333333333,],
[0.4981088888888889,0.5018911111111112,],
[0.5001177777777778,0.4998822222222222,],
[0.5000511111111111,0.4999488888888889,],
[0.5012955555555555,0.4987044444444445,],
[0.5008400000000001,0.49916,],
[0.5005177777777778,0.4994822222222222,],
[0.4998555555555556,0.5001444444444445,],
[0.5011244444444445,0.4988755555555555,],
[0.5003111111111112,0.4996888888888889,],
[0.5008422222222223,0.4991577777777778,],
[0.4984888888888889,0.501511111111111,],
[0.4998377777777778,0.5001622222222223,],
[0.4983911111111111,0.5016088888888888,],
[0.5003177777777779,0.4996822222222222,],
[0.5005977777777778,0.4994022222222222,],
[0.5015755555555554,0.4984244444444444,],
[0.4994022222222222,0.5005977777777778,],
[0.5006777777777778,0.4993222222222222,],
[0.5005200000000001,0.49948,],
[0.4995177777777778,0.5004822222222223,],
[0.4990577777777778,0.5009422222222222,],
[0.5008422222222223,0.4991577777777778,],
[0.4996088888888889,0.5003911111111111,],
[0.4989933333333333,0.5010066666666666,],
[0.4997022222222222,0.5002977777777778,],
[0.4998022222222222,0.5001977777777779,],
[0.4995266666666667,0.5004733333333333,],
[0.50088,0.49912,],
[0.4998866666666667,0.5001133333333334,],
[0.499,0.501,],
[0.4996866666666667,0.5003133333333334,],
[0.5005311111111111,0.4994688888888889,],
[0.5004444444444445,0.4995555555555556,],
[0.4985755555555555,0.5014244444444445,],
[0.5002311111111112,0.4997688888888889,],
[0.500268888888889,0.4997311111111111,],
[0.5004955555555556,0.4995044444444445,],
[0.4997022222222222,0.5002977777777778,],
[0.50076,0.49924,],
[0.4996911111111111,0.500308888888889,],
[0.49984,0.50016,],
[0.4993711111111111,0.5006288888888889,],
[0.4994511111111111,0.5005488888888889,],
[0.4982066666666667,0.5017933333333333,],
[0.5003488888888888,0.4996511111111111,],
[0.49932,0.50068,],
[0.5007688888888889,0.4992311111111111,],
[0.4993133333333333,0.5006866666666666,],
[0.49884,0.50116,],
[0.50102,0.49898,],
[0.4991755555555556,0.5008244444444445,],
[0.4998555555555556,0.5001444444444445,],
[0.5001244444444445,0.4998755555555556,],
[0.4994222222222222,0.5005777777777778,],
[0.4995288888888889,0.5004711111111111,],
[0.5015022222222221,0.4984977777777778,],
[0.5007577777777777,0.4992422222222222,],
[0.4984822222222223,0.5015177777777777,],
[0.5015488888888888,0.4984511111111111,],
[0.4999644444444444,0.5000355555555556,],
[0.4987422222222222,0.5012577777777777,],
[0.5013844444444444,0.4986155555555556,],
[0.4989,0.5011,],
[0.5005555555555556,0.4994444444444444,],
[0.50016,0.49984,],
[0.5001066666666667,0.4998933333333334,],
[0.5006133333333334,0.4993866666666666,],
[0.4997177777777778,0.5002822222222223,],
[0.5001755555555556,0.4998244444444445,],
[0.4994422222222222,0.5005577777777779,],
[0.4997022222222222,0.5002977777777778,],
[0.4983733333333333,0.5016266666666666,],
[0.4995644444444445,0.5004355555555555,],
[0.4997822222222222,0.5002177777777779,],
[0.5003044444444446,0.4996955555555556,],
[0.4997244444444445,0.5002755555555556,],
[0.4993,0.5007,],
[0.4999755555555556,0.5000244444444445,],
[0.5013466666666666,0.4986533333333333,],
[0.50078,0.49922,],
[0.4991133333333334,0.5008866666666667,],
[0.4994644444444444,0.5005355555555556,],
[0.4991533333333333,0.5008466666666667,],
[0.4997088888888889,0.5002911111111112,],
[0.4999,0.5001,],
[0.4988755555555555,0.5011244444444445,],
[0.500128888888889,0.4998711111111111,],
[0.5010622222222222,0.4989377777777778,],
[0.5016999999999999,0.4983,],
[0.5009622222222222,0.4990377777777778,],
[0.5000466666666666,0.4999533333333333,],
[0.4989311111111111,0.5010688888888889,],
[0.5003111111111112,0.4996888888888889,],
[0.5001266666666667,0.4998733333333333,],
[0.5001866666666667,0.4998133333333333,],
[0.4997488888888889,0.5002511111111112,],
[0.5011422222222223,0.4988577777777777,],
[0.500788888888889,0.4992111111111111,],
[0.4995066666666667,0.5004933333333333,],
[0.49938,0.5006200000000001,],
[0.4989955555555556,0.5010044444444444,],
[0.5002288888888889,0.4997711111111111,],
[0.4998377777777778,0.5001622222222223,],
[0.4996533333333333,0.5003466666666666,],
[0.5003733333333333,0.4996266666666667,],
[0.4986577777777778,0.5013422222222221,],
[0.4990333333333334,0.5009666666666667,],
[0.5006555555555555,0.4993444444444444,],
[0.5008577777777778,0.4991422222222222,],
[0.5003533333333333,0.4996466666666667,],
[0.4984888888888889,0.501511111111111,],
[0.4995088888888889,0.5004911111111111,],
[0.5019511111111111,0.4980488888888889,],
[0.4998533333333333,0.5001466666666667,],
[0.4998333333333334,0.5001666666666668,],
[0.4997955555555555,0.5002044444444445,],
[0.4992422222222222,0.5007577777777777,],
[0.4995377777777778,0.5004622222222223,],
[0.5009933333333333,0.4990066666666667,],
[0.5004,0.4996,],
[0.5011999999999999,0.4988,],
[0.4991933333333334,0.5008066666666667,],
[0.5007244444444444,0.4992755555555555,],
[0.4996711111111111,0.5003288888888889,],
[0.49916,0.5008400000000001,],
[0.5003200000000001,0.49968,],
[0.4988844444444444,0.5011155555555555,],
[0.4993955555555555,0.5006044444444445,],
[0.4985488888888889,0.5014511111111111,],
[0.5004955555555556,0.4995044444444445,],
[0.50078,0.49922,],
[0.4991044444444445,0.5008955555555556,],
[0.5003933333333334,0.4996066666666667,],
[0.49984,0.50016,],
[0.5,0.5,],
[0.4995177777777778,0.5004822222222223,],
[0.5005355555555556,0.4994644444444444,],
[0.5004577777777778,0.4995422222222222,],
[0.5012577777777777,0.4987422222222222,],
[0.4993666666666666,0.5006333333333333,],
[0.5007444444444444,0.4992555555555556,],
[0.5006244444444444,0.4993755555555555,],
[0.4994911111111111,0.5005088888888889,],
[0.5009422222222222,0.4990577777777778,],
[0.4985466666666666,0.5014533333333333,],
[0.5000911111111112,0.4999088888888889,],
[0.4998666666666667,0.5001333333333333,],
[0.4993577777777777,0.5006422222222222,],
[0.5014066666666667,0.4985933333333333,],
[0.4996977777777778,0.5003022222222223,],
[0.4980600000000001,0.5019400000000001,],
[0.5012799999999999,0.49872,],
[0.5001333333333333,0.4998666666666667,],
[0.4996933333333333,0.5003066666666668,],
[0.5022866666666667,0.4977133333333333,],
[0.5002377777777779,0.4997622222222223,],
[0.4999088888888889,0.5000911111111112,],
[0.4999488888888889,0.5000511111111111,],
[0.4992488888888889,0.5007511111111111,],
[0.500951111111111,0.4990488888888889,],
[0.5011933333333333,0.4988066666666666,],
[0.5010533333333334,0.4989466666666666,],
[0.4992511111111111,0.5007488888888889,],
[0.4987133333333333,0.5012866666666667,],
[0.4995244444444444,0.5004755555555556,],
[0.49894,0.5010599999999999,],
[0.5005733333333334,0.4994266666666666,],
[0.4999244444444444,0.5000755555555556,],
[0.5009866666666666,0.4990133333333334,],
[0.5000044444444445,0.4999955555555555,],
[0.50014,0.49986,],
[0.4995866666666667,0.5004133333333334,],
[0.5000155555555555,0.4999844444444445,],
[0.4990066666666667,0.5009933333333333,],
[0.49924,0.50076,],
[0.5003711111111111,0.4996288888888889,],
[0.5011822222222222,0.4988177777777777,],
[0.4997444444444445,0.5002555555555557,],
[0.4994444444444444,0.5005555555555556,],
[0.4993533333333333,0.5006466666666667,],
[0.50008,0.49992,],
[0.4998355555555555,0.5001644444444445,],
[0.4987222222222222,0.5012777777777777,],
[0.4985311111111111,0.5014688888888889,],
[0.4989177777777778,0.5010822222222222,],
[0.4994422222222222,0.5005577777777779,],
[0.4994755555555556,0.5005244444444444,],
[0.4987355555555555,0.5012644444444444,],
[0.5008933333333334,0.4991066666666666,],
[0.4995466666666667,0.5004533333333333,],
[0.500248888888889,0.4997511111111111,],
[0.4994,0.5006,],
[0.5006688888888888,0.4993311111111111,],
[0.4976688888888889,0.5023311111111111,],
[0.5013844444444444,0.4986155555555556,],
[0.5006466666666667,0.4993533333333333,],
[0.4996111111111112,0.5003888888888889,],
[0.5005288888888889,0.4994711111111111,],
[0.4998333333333334,0.5001666666666668,],
[0.4994133333333333,0.5005866666666667,],
[0.5002000000000001,0.4998,],
[0.5005466666666667,0.4994533333333333,],
[0.5001888888888889,0.4998111111111111,],
[0.5012577777777777,0.4987422222222222,],
[0.4998133333333333,0.5001866666666667,],
[0.5000333333333333,0.4999666666666667,],
[0.4993955555555555,0.5006044444444445,],
[0.5015488888888888,0.4984511111111111,],
[0.5006844444444444,0.4993155555555556,],
[0.5003288888888889,0.4996711111111111,],
[0.5003911111111111,0.4996088888888889,],
[0.4997688888888889,0.5002311111111112,],
[0.5023955555555555,0.4976044444444445,],
[0.4998288888888889,0.5001711111111111,],
[0.5013177777777778,0.4986822222222222,],
[0.4995644444444445,0.5004355555555555,],
[0.5014955555555555,0.4985044444444444,],
[0.4995155555555555,0.5004844444444445,],
[0.5007577777777777,0.4992422222222222,],
[0.5003311111111112,0.4996688888888889,],
[0.4995533333333333,0.5004466666666667,],
[0.5001866666666667,0.4998133333333333,],
[0.4999244444444444,0.5000755555555556,],
[0.5005066666666667,0.4994933333333333,],
[0.4981422222222223,0.5018577777777777,],
[0.5017488888888889,0.4982511111111111,],
[0.500288888888889,0.4997111111111111,],
[0.4997555555555556,0.5002444444444445,],
[0.4995777777777778,0.5004222222222222,],
[0.4990466666666667,0.5009533333333333,],
[0.50024,0.49976,],
[0.49958,0.50042,],
[0.4996488888888889,0.5003511111111111,],
[0.4991266666666667,0.5008733333333334,],
[0.5006022222222223,0.4993977777777778,],
[0.5006644444444445,0.4993355555555556,],
[0.5008,0.4992,],
[0.5009555555555555,0.4990444444444445,],
[0.5020977777777778,0.4979022222222223,],
[0.5009622222222222,0.4990377777777778,],
[0.5009911111111111,0.4990088888888889,],
[0.4998644444444444,0.5001355555555556,],
[0.5011044444444445,0.4988955555555555,],
[0.5006577777777778,0.4993422222222222,],
[0.5010355555555556,0.4989644444444444,],
[0.5000888888888889,0.4999111111111111,],
[0.5010911111111112,0.4989088888888889,],
[0.5013311111111111,0.4986688888888889,],
[0.5007666666666667,0.4992333333333333,],
[0.5009955555555555,0.4990044444444445,],
[0.5007177777777778,0.4992822222222222,],
[0.4993866666666666,0.5006133333333334,],
[0.4991222222222222,0.5008777777777779,],
[0.4999066666666667,0.5000933333333334,],
[0.5004155555555556,0.4995844444444445,],
[0.49998,0.50002,],
[0.4990111111111111,0.5009888888888888,],
[0.5004822222222223,0.4995177777777778,],
[0.5005288888888889,0.4994711111111111,],
[0.4998755555555556,0.5001244444444445,],
[0.4993688888888889,0.500631111111111,],
[0.4994622222222222,0.5005377777777779,],
[0.5000933333333334,0.4999066666666667,],
[0.5005955555555556,0.4994044444444444,],
[0.5014799999999999,0.49852,],
[0.5000688888888889,0.4999311111111111,],
[0.49926,0.50074,],
[0.4999466666666667,0.5000533333333333,],
[0.4995844444444445,0.5004155555555556,],
[0.4991644444444445,0.5008355555555556,],
[0.5005022222222223,0.4994977777777778,],
[0.4985222222222222,0.5014777777777777,],
[0.5008222222222223,0.4991777777777778,],
[0.5009088888888888,0.4990911111111111,],
[0.4993422222222222,0.5006577777777778,],
[0.5003955555555556,0.4996044444444445,],
[0.4994844444444445,0.5005155555555556,],
[0.4996688888888889,0.5003311111111112,],
[0.4999777777777777,0.5000222222222223,],
[0.5007466666666667,0.4992533333333333,],
[0.4989733333333333,0.5010266666666666,],
[0.4988822222222222,0.5011177777777778,],
[0.50058,0.49942,],
[0.4995933333333334,0.5004066666666667,],
[0.4992044444444444,0.5007955555555555,],
[0.4989511111111111,0.5010488888888889,],
[0.4994333333333333,0.5005666666666667,],
[0.49924,0.50076,],
[0.4999133333333333,0.5000866666666667,],
[0.4991844444444445,0.5008155555555556,],
[0.4998911111111111,0.5001088888888889,],
[0.4995177777777778,0.5004822222222223,],
[0.4999622222222222,0.5000377777777778,],
[0.4994666666666667,0.5005333333333334,],
[0.500788888888889,0.4992111111111111,],
[0.4992044444444444,0.5007955555555555,],
[0.4987333333333333,0.5012666666666666,],
[0.5007266666666667,0.4992733333333333,],
[0.4983911111111111,0.5016088888888888,],
[0.4991933333333334,0.5008066666666667,],
[0.5005466666666667,0.4994533333333333,],
[0.4997666666666667,0.5002333333333334,],
[0.4994422222222222,0.5005577777777779,],
[0.4994222222222222,0.5005777777777778,],
[0.5006777777777778,0.4993222222222222,],
[0.4999177777777777,0.5000822222222222,],
[0.5004444444444445,0.4995555555555556,],
[0.5013666666666666,0.4986333333333333,],
[0.4992577777777777,0.5007422222222222,],
[0.4990311111111111,0.5009688888888888,],
[0.4992377777777778,0.5007622222222222,],
[0.4994733333333333,0.5005266666666667,],
[0.4999266666666666,0.5000733333333334,],
[0.4987044444444445,0.5012955555555555,],
[0.5005488888888889,0.4994511111111111,],
[0.5000488888888889,0.4999511111111111,],
[0.4993888888888889,0.5006111111111112,],
[0.4994511111111111,0.5005488888888889,],
[0.5007044444444444,0.4992955555555555,],
[0.4990644444444444,0.5009355555555555,],
[0.5001666666666668,0.4998333333333334,],
[0.4998377777777778,0.5001622222222223,],
[0.4990022222222222,0.5009977777777778,],
[0.4999222222222222,0.5000777777777778,],
[0.5002800000000001,0.49972,],
[0.5015555555555554,0.4984444444444445,],
[0.5005511111111112,0.4994488888888889,],
[0.4993111111111111,0.5006888888888889,],
[0.4995155555555555,0.5004844444444445,],
[0.4987422222222222,0.5012577777777777,],
[0.5005400000000001,0.49946,],
[0.4991422222222222,0.5008577777777778,],
[0.5008555555555556,0.4991444444444444,],
[0.5005400000000001,0.49946,],
[0.5012555555555555,0.4987444444444444,],
[0.4996733333333334,0.5003266666666668,],
[0.50108,0.49892,],
[0.5006244444444444,0.4993755555555555,],
[0.5026333333333333,0.4973666666666667,],
[0.5006688888888888,0.4993311111111111,],
[0.4998577777777778,0.5001422222222223,],
[0.5003955555555556,0.4996044444444445,],
[0.5003044444444446,0.4996955555555556,],
[0.4999088888888889,0.5000911111111112,],
[0.5000422222222223,0.4999577777777778,],
[0.5004311111111112,0.4995688888888889,],
[0.5000222222222223,0.4999777777777777,],
[0.5009533333333333,0.4990466666666667,],
[0.49942,0.50058,],
[0.5002622222222223,0.4997377777777778,],
[0.4997133333333333,0.5002866666666668,],
[0.4999333333333333,0.5000666666666667,],
[0.5005111111111111,0.4994888888888889,],
[0.4999688888888889,0.5000311111111111,],
[0.5004333333333334,0.4995666666666667,],
[0.5015266666666666,0.4984733333333334,],
[0.5006422222222222,0.4993577777777777,],
[0.4997066666666667,0.5002933333333334,],
[0.4997311111111111,0.500268888888889,],
[0.4992844444444444,0.5007155555555556,],
[0.5002022222222223,0.4997977777777778,],
[0.4985155555555555,0.5014844444444443,],
[0.4998755555555556,0.5001244444444445,],
[0.4998088888888889,0.5001911111111111,],
[0.5013866666666666,0.4986133333333334,],
[0.5009311111111111,0.4990688888888889,],
[0.4994111111111111,0.500588888888889,],
[0.4995755555555556,0.5004244444444444,],
[0.4987355555555555,0.5012644444444444,],
[0.5007111111111111,0.4992888888888889,],
[0.50174,0.49826,],
[0.49882,0.5011800000000001,],
[0.4993888888888889,0.5006111111111112,],
[0.5008711111111112,0.4991288888888889,],
[0.49852,0.5014799999999999,],
[0.4987888888888888,0.5012111111111111,],
[0.4993733333333333,0.5006266666666667,],
[0.4983733333333333,0.5016266666666666,],
[0.5000866666666667,0.4999133333333333,],
[0.5000466666666666,0.4999533333333333,],
[0.5009311111111111,0.4990688888888889,],
[0.4998555555555556,0.5001444444444445,],
[0.5006911111111111,0.4993088888888889,],
[0.500308888888889,0.4996911111111111,],
[0.5009133333333333,0.4990866666666667,],
[0.5011622222222223,0.4988377777777778,],
[0.5004711111111111,0.4995288888888889,],
[0.4999222222222222,0.5000777777777778,],
[0.4994155555555556,0.5005844444444445,],
[0.4988666666666666,0.5011333333333333,],
[0.4996822222222222,0.5003177777777779,],
[0.500288888888889,0.4997111111111111,],
[0.5004533333333333,0.4995466666666667,],
[0.5002777777777778,0.4997222222222222,],
[0.5004311111111112,0.4995688888888889,],
[0.5008533333333334,0.4991466666666667,],
[0.4988133333333333,0.5011866666666667,],
[0.5012333333333333,0.4987666666666667,],
[0.4984066666666667,0.5015933333333332,],
[0.4987177777777778,0.5012822222222222,],
[0.5006200000000001,0.49938,],
[0.4996777777777778,0.5003222222222223,],
[0.50078,0.49922,],
[0.4994866666666667,0.5005133333333334,],
[0.49992,0.50008,],
[0.4983777777777778,0.5016222222222222,],
[0.5003266666666668,0.4996733333333334,],
[0.5002755555555556,0.4997244444444445,],
[0.4998355555555555,0.5001644444444445,],
[0.4994844444444445,0.5005155555555556,],
[0.5025244444444444,0.4974755555555556,],
[0.5004666666666667,0.4995333333333333,],
[0.5003444444444445,0.4996555555555556,],
[0.4992555555555556,0.5007444444444444,],
[0.49956,0.50044,],
[0.5000822222222222,0.4999177777777777,],
[0.4992555555555556,0.5007444444444444,],
[0.5000066666666667,0.4999933333333333,],
[0.5009155555555554,0.4990844444444444,],
[0.5016955555555556,0.4983044444444445,],
[0.4996888888888889,0.5003111111111112,],
[0.49994,0.5000600000000001,],
[0.4992688888888889,0.5007311111111111,],
[0.5009333333333332,0.4990666666666667,],
[0.4991755555555556,0.5008244444444445,],
[0.4999577777777778,0.5000422222222223,],
[0.4990288888888889,0.500971111111111,],
[0.5016822222222221,0.4983177777777778,],
[0.4997644444444445,0.5002355555555557,],
[0.50056,0.49944,],
[0.4988911111111111,0.5011088888888889,],
[0.5006244444444444,0.4993755555555555,],
[0.5012511111111111,0.4987488888888889,],
[0.5000311111111111,0.4999688888888889,],
[0.5000977777777778,0.4999022222222222,],
[0.5006422222222222,0.4993577777777777,],
[0.5002777777777778,0.4997222222222222,],
[0.4999511111111111,0.5000488888888889,],
[0.4996711111111111,0.5003288888888889,],
[0.5008177777777778,0.4991822222222222,],
[0.5004622222222223,0.4995377777777778,],
[0.5005111111111111,0.4994888888888889,],
[0.49978,0.5002200000000001,],
[0.5007266666666667,0.4992733333333333,],
[0.5006755555555555,0.4993244444444445,],
[0.5009866666666666,0.4990133333333334,],
[0.5016533333333333,0.4983466666666667,],
[0.4983955555555555,0.5016044444444444,],
[0.5005511111111112,0.4994488888888889,],
[0.5003044444444446,0.4996955555555556,],
[0.4993355555555556,0.5006644444444445,],
[0.5003911111111111,0.4996088888888889,],
[0.4996711111111111,0.5003288888888889,],
[0.49996,0.50004,],
[0.5000866666666667,0.4999133333333333,],
[0.5000533333333333,0.4999466666666667,],
[0.4994622222222222,0.5005377777777779,],
[0.5000111111111111,0.4999888888888889,],
[0.4996622222222222,0.5003377777777778,],
[0.49898,0.50102,],
[0.4995533333333333,0.5004466666666667,],
[0.5002866666666668,0.4997133333333333,],
[0.4989888888888889,0.5010111111111111,],
[0.5000755555555556,0.4999244444444444,],
[0.5015844444444444,0.4984155555555556,],
[0.5003666666666666,0.4996333333333333,],
[0.4999377777777778,0.5000622222222222,],
[0.4998955555555556,0.5001044444444445,],
[0.5001444444444445,0.4998555555555556,],
[0.4983622222222222,0.5016377777777777,],
[0.5002733333333335,0.4997266666666667,],
[0.5003266666666668,0.4996733333333334,],
[0.5004711111111111,0.4995288888888889,],
[0.5010111111111111,0.4989888888888889,],
[0.5010377777777778,0.4989622222222223,],
[0.4995888888888889,0.5004111111111111,],
[0.5004866666666667,0.4995133333333334,],
[0.4990711111111111,0.5009288888888889,],
[0.4997933333333333,0.5002066666666667,],
[0.5010977777777778,0.4989022222222222,],
[0.4994933333333333,0.5005066666666667,],
[0.5005777777777778,0.4994222222222222,],
[0.5002577777777778,0.4997422222222223,],
[0.5010355555555556,0.4989644444444444,],
[0.4972155555555556,0.5027844444444444,],
[0.5004644444444445,0.4995355555555556,],
[0.4990844444444444,0.5009155555555554,],
[0.5000600000000001,0.49994,],
[0.5012444444444444,0.4987555555555556,],
[0.5004133333333334,0.4995866666666667,],
[0.49996,0.50004,],
[0.49988,0.50012,],
[0.4982533333333333,0.5017466666666667,],
[0.49956,0.50044,],
[0.5001466666666667,0.4998533333333333,],
[0.4989,0.5011,],
[0.4994133333333333,0.5005866666666667,],
[0.5010866666666667,0.4989133333333333,],
[0.5003288888888889,0.4996711111111111,],
[0.50066,0.49934,],
[0.4998311111111111,0.5001688888888889,],
[0.49916,0.5008400000000001,],
[0.500468888888889,0.4995311111111111,],
[0.4995711111111111,0.5004288888888889,],
[0.4999511111111111,0.5000488888888889,],
[0.4998911111111111,0.5001088888888889,],
[0.5016888888888889,0.4983111111111111,],
[0.4999755555555556,0.5000244444444445,],
[0.4997266666666667,0.5002733333333335,],
[0.5007688888888889,0.4992311111111111,],
[0.5008400000000001,0.49916,],
[0.4987288888888889,0.501271111111111,],
[0.4999822222222222,0.5000177777777778,],
[0.4979266666666667,0.5020733333333333,],
[0.4985177777777778,0.5014822222222222,],
[0.4986955555555556,0.5013044444444444,],
[0.4999755555555556,0.5000244444444445,],
[0.5002933333333334,0.4997066666666667,],
[0.5009444444444444,0.4990555555555556,],
[0.4999,0.5001,],
[0.4999511111111111,0.5000488888888889,],
[0.5004977777777778,0.4995022222222222,],
[0.4996888888888889,0.5003111111111112,],
[0.4990911111111111,0.5009088888888888,],
[0.4995377777777778,0.5004622222222223,],
[0.4994955555555556,0.5005044444444445,],
[0.5000977777777778,0.4999022222222222,],
[0.50036,0.49964,],
[0.5000622222222222,0.4999377777777778,],
[0.5008644444444444,0.4991355555555556,],
[0.5014333333333333,0.4985666666666667,],
[0.50036,0.49964,],
[0.4999088888888889,0.5000911111111112,],
[0.4999866666666666,0.5000133333333333,],
[0.5004844444444445,0.4995155555555555,],
[0.4992466666666667,0.5007533333333334,],
[0.5008066666666667,0.4991933333333334,],
[0.4998022222222222,0.5001977777777779,],
[0.5018355555555556,0.4981644444444445,],
[0.5009888888888888,0.4990111111111111,],
[0.4997866666666667,0.5002133333333334,],
[0.5009866666666666,0.4990133333333334,],
[0.4994355555555555,0.5005644444444445,],
[0.4987711111111111,0.5012288888888888,],
[0.5005444444444445,0.4994555555555555,],
[0.4989688888888889,0.5010311111111111,],
[0.4988288888888889,0.5011711111111111,],
[0.4987111111111111,0.5012888888888888,],
[0.5007133333333333,0.4992866666666667,],
[0.5016066666666666,0.4983933333333334,],
[0.4988088888888889,0.501191111111111,],
[0.5001888888888889,0.4998111111111111,],
[0.5007,0.4993,],
[0.5015999999999999,0.4984,],
[0.4994555555555555,0.5005444444444445,],
[0.4995511111111111,0.5004488888888889,],
[0.4992044444444444,0.5007955555555555,],
[0.5009111111111111,0.4990888888888889,],
[0.5001977777777779,0.4998022222222222,],
[0.5008377777777778,0.4991622222222222,],
[0.5017488888888889,0.4982511111111111,],
[0.4998111111111111,0.5001888888888889,],
[0.50024,0.49976,],
[0.50042,0.49958,],
[0.5013577777777778,0.4986422222222222,],
[0.50064,0.49936,],
[0.4995088888888889,0.5004911111111111,],
[0.4997111111111111,0.500288888888889,],
[0.49936,0.50064,],
[0.4993311111111111,0.5006688888888888,],
[0.4994666666666667,0.5005333333333334,],
[0.4992044444444444,0.5007955555555555,],
[0.5006222222222222,0.4993777777777778,],
[0.5005266666666667,0.4994733333333333,],
[0.5008066666666667,0.4991933333333334,],
[0.4987444444444444,0.5012555555555555,],
[0.5000888888888889,0.4999111111111111,],
[0.4996511111111111,0.5003488888888888,],
[0.4989466666666666,0.5010533333333334,],
[0.5010599999999999,0.49894,],
[0.4996644444444445,0.5003355555555556,],
[0.4988622222222222,0.5011377777777778,],
[0.5004533333333333,0.4995466666666667,],
[0.4993266666666667,0.5006733333333333,],
[0.49998,0.50002,],
[0.4981222222222222,0.5018777777777778,],
[0.4998044444444444,0.5001955555555556,],
[0.4997822222222222,0.5002177777777779,],
[0.4996355555555556,0.5003644444444444,],
[0.5001666666666668,0.4998333333333334,],
[0.4995111111111111,0.5004888888888889,],
[0.4999244444444444,0.5000755555555556,],
[0.5005911111111112,0.4994088888888888,],
[0.5010911111111112,0.4989088888888889,],
[0.5005377777777779,0.4994622222222222,],
[0.4995022222222222,0.5004977777777778,],
[0.5003533333333333,0.4996466666666667,],
[0.5000666666666667,0.4999333333333333,],
[0.5008422222222223,0.4991577777777778,],
[0.50058,0.49942,],
[0.5001933333333334,0.4998066666666667,],
[0.5009222222222222,0.4990777777777778,],
[0.5005488888888889,0.4994511111111111,],
[0.4996088888888889,0.5003911111111111,],
[0.4990711111111111,0.5009288888888889,],
[0.5007577777777777,0.4992422222222222,],
[0.5000644444444444,0.4999355555555555,],
[0.5017844444444445,0.4982155555555556,],
[0.4999977777777778,0.5000022222222222,],
[0.4999911111111111,0.5000088888888888,],
[0.5016088888888888,0.4983911111111111,],
[0.4980044444444445,0.5019955555555556,],
[0.5003444444444445,0.4996555555555556,],
[0.4991866666666667,0.5008133333333333,],
[0.4991533333333333,0.5008466666666667,],
[0.4985177777777778,0.5014822222222222,],
[0.4993133333333333,0.5006866666666666,],
[0.49974,0.50026,],
[0.5002066666666667,0.4997933333333333,],
[0.5002866666666668,0.4997133333333333,],
[0.4989666666666667,0.5010333333333333,],
[0.4995577777777778,0.5004422222222222,],
[0.5001044444444445,0.4998955555555556,],
[0.5006733333333333,0.4993266666666667,],
[0.4993688888888889,0.500631111111111,],
[0.5011022222222222,0.4988977777777778,],
[0.4995866666666667,0.5004133333333334,],
[0.500568888888889,0.4994311111111111,],
[0.4989533333333334,0.5010466666666666,],
[0.5000711111111111,0.4999288888888889,],
[0.4991088888888889,0.5008911111111112,],
[0.5006422222222222,0.4993577777777777,],
[0.4999355555555555,0.5000644444444444,],
[0.4989022222222222,0.5010977777777778,],
[0.5000711111111111,0.4999288888888889,],
[0.4997555555555556,0.5002444444444445,],
[0.4999488888888889,0.5000511111111111,],
[0.4996666666666666,0.5003333333333334,],
[0.4992288888888889,0.5007711111111112,],
[0.5000933333333334,0.4999066666666667,],
[0.4995311111111111,0.500468888888889,],
[0.4997066666666667,0.5002933333333334,],
[0.5012955555555555,0.4987044444444445,],
[0.5006977777777778,0.4993022222222222,],
[0.4999733333333333,0.5000266666666666,],
[0.4991644444444445,0.5008355555555556,],
[0.5010511111111111,0.4989488888888889,],
[0.4996511111111111,0.5003488888888888,],
[0.4997155555555556,0.5002844444444445,],
[0.5009355555555555,0.4990644444444444,],
[0.5012866666666667,0.4987133333333333,],
[0.4993355555555556,0.5006644444444445,],
[0.5012755555555555,0.4987244444444444,],
[0.4993066666666667,0.5006933333333333,],
[0.5002777777777778,0.4997222222222222,],
[0.5002977777777778,0.4997022222222222,],
[0.5013222222222222,0.4986777777777778,],
[0.4986311111111111,0.5013688888888889,],
[0.5001688888888889,0.4998311111111111,],
[0.5013288888888888,0.4986711111111111,],
[0.4997333333333334,0.5002666666666667,],
[0.500951111111111,0.4990488888888889,],
[0.5002955555555556,0.4997044444444445,],
[0.5003644444444444,0.4996355555555556,],
[0.4991333333333333,0.5008666666666667,],
[0.5010066666666666,0.4989933333333333,],
[0.4988022222222222,0.5011977777777777,],
[0.4991711111111111,0.5008288888888889,],
[0.5003155555555556,0.4996844444444444,],
[0.49994,0.5000600000000001,],
[0.4987933333333333,0.5012066666666666,],
[0.5007333333333334,0.4992666666666666,],
[0.4997355555555556,0.5002644444444445,],
[0.5000288888888889,0.4999711111111111,],
[0.500248888888889,0.4997511111111111,],
[0.4989822222222222,0.5010177777777778,],
[0.5000622222222222,0.4999377777777778,],
[0.4995466666666667,0.5004533333333333,],
[0.5006777777777778,0.4993222222222222,],
[0.5001844444444445,0.4998155555555556,],
[0.5003066666666668,0.4996933333333333,],
[0.5005844444444445,0.4994155555555556,],
[0.4986511111111111,0.5013488888888888,],
[0.5006422222222222,0.4993577777777777,],
[0.5006355555555555,0.4993644444444444,],
[0.5007044444444444,0.4992955555555555,],
[0.4988444444444444,0.5011555555555556,],
[0.5008777777777779,0.4991222222222222,],
[0.5011222222222222,0.4988777777777778,],
[0.4990888888888889,0.5009111111111111,],
[0.5004488888888889,0.4995511111111111,],
[0.5002422222222223,0.4997577777777778,],
[0.49926,0.50074,],
[0.4997711111111111,0.5002288888888889,],
[0.5010311111111111,0.4989688888888889,],
[0.5007777777777778,0.4992222222222222,],
[0.5001311111111112,0.4998688888888889,],
[0.4995955555555556,0.5004044444444444,],
[0.4996977777777778,0.5003022222222223,],
[0.5004022222222222,0.4995977777777778,],
[0.49988,0.50012,],
[0.5001666666666668,0.4998333333333334,],
[0.50064,0.49936,],
[0.5016866666666666,0.4983133333333334,],
[0.4976044444444445,0.5023955555555555,],
[0.4996711111111111,0.5003288888888889,],
[0.5003155555555556,0.4996844444444444,],
[0.4993111111111111,0.5006888888888889,],
[0.4994888888888889,0.5005111111111111,],
[0.5006955555555556,0.4993044444444444,],
[0.5004111111111111,0.4995888888888889,],
[0.4995,0.5005000000000001,],
[0.49998,0.50002,],
[0.5004733333333333,0.4995266666666667,],
[0.4992133333333333,0.5007866666666667,],
[0.49952,0.50048,],
[0.500128888888889,0.4998711111111111,],
[0.5011444444444445,0.4988555555555556,],
[0.4996288888888889,0.5003711111111111,],
[0.4994933333333333,0.5005066666666667,],
[0.5003533333333333,0.4996466666666667,],
[0.4992044444444444,0.5007955555555555,],
[0.4992555555555556,0.5007444444444444,],
[0.5009044444444445,0.4990955555555556,],
[0.5003577777777778,0.4996422222222222,],
[0.4999066666666667,0.5000933333333334,],
[0.4992733333333333,0.5007266666666667,],
[0.5000955555555556,0.4999044444444445,],
[0.4993777777777778,0.5006222222222222,],
[0.4991977777777778,0.5008022222222223,],
[0.4999488888888889,0.5000511111111111,],
[0.4995377777777778,0.5004622222222223,],
[0.4998333333333334,0.5001666666666668,],
[0.4990533333333333,0.5009466666666667,],
[0.5003177777777779,0.4996822222222222,],
[0.49952,0.50048,],
[0.4999844444444445,0.5000155555555555,],
[0.4993177777777778,0.5006822222222223,],
[0.5011,0.4989,],
[0.5001,0.4999,],
[0.4997466666666667,0.5002533333333334,],
[0.4989177777777778,0.5010822222222222,],
[0.4993155555555556,0.5006844444444444,],
[0.5021644444444444,0.4978355555555556,],
[0.5001755555555556,0.4998244444444445,],
[0.5006244444444444,0.4993755555555555,],
[0.5004333333333334,0.4995666666666667,],
[0.500568888888889,0.4994311111111111,],
[0.5002711111111112,0.4997288888888889,],
[0.5003222222222223,0.4996777777777778,],
[0.5003177777777779,0.4996822222222222,],
[0.5000622222222222,0.4999377777777778,],
[0.4997,0.5003000000000001,],
[0.5011977777777777,0.4988022222222222,],
[0.5010177777777778,0.4989822222222222,],
[0.5002977777777778,0.4997022222222222,],
[0.4999533333333333,0.5000466666666666,],
[0.5007222222222222,0.4992777777777778,],
[0.4981466666666667,0.5018533333333334,],
[0.4998466666666667,0.5001533333333333,],
[0.5012466666666666,0.4987533333333333,],
[0.50044,0.49956,],
[0.4997155555555556,0.5002844444444445,],
[0.4996933333333333,0.5003066666666668,],
[0.4999733333333333,0.5000266666666666,],
[0.5003711111111111,0.4996288888888889,],
[0.49914,0.5008600000000001,],
[0.5004377777777778,0.4995622222222222,],
[0.4999177777777777,0.5000822222222222,],
[0.4996288888888889,0.5003711111111111,],
[0.5007511111111111,0.4992488888888889,],
[0.5007044444444444,0.4992955555555555,],
];;
