nc_marginals := [
[0.4209555555555555,0.5790444444444445,],
[0.5289044444444444,0.4710955555555556,],
[0.3931533333333334,0.6068466666666666,],
[0.5625977777777779,0.4374022222222222,],
[0.5042444444444445,0.4957555555555556,],
[0.4324844444444444,0.5675155555555556,],
[0.5138266666666667,0.4861733333333333,],
[0.5037666666666666,0.4962333333333334,],
[0.5615333333333333,0.4384666666666667,],
[0.4973444444444445,0.5026555555555555,],
[0.5716711111111111,0.4283288888888889,],
[0.4804466666666666,0.5195533333333333,],
[0.4107155555555555,0.5892844444444444,],
[0.5259466666666666,0.4740533333333333,],
[0.4131822222222222,0.5868177777777777,],
[0.5516444444444444,0.4483555555555556,],
[0.4344755555555556,0.5655244444444445,],
[0.5438244444444444,0.4561755555555556,],
[0.44278,0.55722,],
[0.4228155555555556,0.5771844444444445,],
[0.4374555555555555,0.5625444444444445,],
[0.4820466666666667,0.5179533333333334,],
[0.54034,0.45966,],
[0.5229955555555555,0.4770044444444445,],
[0.5973377777777777,0.4026622222222221,],
[0.5313977777777779,0.4686022222222223,],
[0.5195711111111111,0.4804288888888888,],
[0.5668644444444446,0.4331355555555556,],
[0.5612199999999999,0.43878,],
[0.4533177777777778,0.5466822222222223,],
[0.4460733333333334,0.5539266666666667,],
[0.5591844444444446,0.4408155555555555,],
[0.4469733333333333,0.5530266666666667,],
[0.5183577777777777,0.4816422222222222,],
[0.4454,0.5546000000000001,],
[0.5393888888888889,0.4606111111111111,],
[0.5238155555555555,0.4761844444444444,],
[0.5296022222222223,0.4703977777777778,],
[0.44064,0.5593600000000001,],
[0.4756733333333333,0.5243266666666666,],
[0.53586,0.46414,],
[0.52328,0.47672,],
[0.4564,0.5435999999999999,],
[0.4228844444444444,0.5771155555555557,],
[0.4892177777777778,0.5107822222222221,],
[0.3935533333333333,0.6064466666666666,],
[0.4573133333333333,0.5426866666666667,],
[0.5027888888888888,0.4972111111111112,],
[0.5190400000000001,0.48096,],
[0.3915288888888889,0.608471111111111,],
[0.4796288888888889,0.5203711111111111,],
[0.3960977777777778,0.6039022222222221,],
[0.4414711111111111,0.558528888888889,],
[0.4433622222222223,0.5566377777777779,],
[0.5501977777777778,0.4498022222222222,],
[0.4539955555555555,0.5460044444444444,],
[0.4513022222222222,0.5486977777777778,],
[0.555428888888889,0.4445711111111111,],
[0.5549511111111111,0.4450488888888889,],
[0.5274333333333333,0.4725666666666667,],
[0.4542866666666667,0.5457133333333334,],
[0.5177933333333333,0.4822066666666667,],
[0.5588866666666669,0.4411133333333334,],
[0.5386422222222222,0.4613577777777778,],
[0.5060888888888887,0.4939111111111111,],
[0.4237333333333333,0.5762666666666668,],
[0.5234755555555555,0.4765244444444444,],
[0.4766466666666666,0.5233533333333333,],
[0.4990733333333333,0.5009266666666666,],
[0.4738577777777778,0.5261422222222222,],
[0.4254888888888889,0.5745111111111112,],
[0.4329777777777778,0.5670222222222223,],
[0.3429288888888888,0.6570711111111111,],
[0.48766,0.51234,],
[0.5668222222222223,0.4331777777777778,],
[0.4853555555555555,0.5146444444444443,],
[0.5449711111111111,0.4550288888888889,],
[0.4880711111111111,0.5119288888888889,],
[0.5593511111111111,0.4406488888888889,],
[0.5681755555555557,0.4318244444444445,],
[0.5018888888888889,0.4981111111111111,],
[0.6198844444444443,0.3801155555555555,],
[0.4476555555555556,0.5523444444444445,],
[0.5884911111111111,0.4115088888888889,],
[0.5387000000000001,0.4613,],
[0.5820155555555556,0.4179844444444444,],
[0.5190733333333334,0.4809266666666667,],
[0.4993711111111111,0.5006288888888889,],
[0.6159555555555555,0.3840444444444445,],
[0.5034688888888889,0.4965311111111111,],
[0.4075666666666666,0.5924333333333334,],
[0.3803533333333333,0.6196466666666667,],
[0.4430622222222222,0.5569377777777779,],
[0.3875511111111111,0.6124488888888889,],
[0.4626444444444445,0.5373555555555556,],
[0.5558177777777777,0.4441822222222221,],
[0.5206266666666667,0.4793733333333333,],
[0.5605177777777778,0.4394822222222222,],
[0.5605599999999999,0.43944,],
[0.4874666666666667,0.5125333333333334,],
[0.5584866666666667,0.4415133333333334,],
[0.5137688888888888,0.4862311111111111,],
[0.4414511111111111,0.558548888888889,],
[0.5657000000000001,0.4343,],
[0.4819488888888889,0.5180511111111111,],
[0.5304133333333334,0.4695866666666667,],
[0.4460888888888889,0.553911111111111,],
[0.5033266666666667,0.4966733333333334,],
[0.5850911111111112,0.4149088888888889,],
[0.5033355555555555,0.4966644444444445,],
[0.4553133333333333,0.5446866666666667,],
[0.5498444444444445,0.4501555555555555,],
[0.5328444444444443,0.4671555555555556,],
[0.56286,0.43714,],
[0.4841577777777778,0.5158422222222222,],
[0.4740044444444445,0.5259955555555555,],
[0.3890222222222222,0.6109777777777777,],
[0.5221444444444444,0.4778555555555555,],
[0.4298511111111111,0.5701488888888889,],
[0.5155688888888889,0.4844311111111111,],
[0.5128111111111111,0.4871888888888889,],
[0.4465044444444444,0.5534955555555556,],
[0.4633266666666667,0.5366733333333333,],
[0.5730733333333334,0.4269266666666667,],
[0.45828,0.54172,],
[0.54288,0.45712,],
[0.5066288888888888,0.4933711111111111,],
[0.4145533333333333,0.5854466666666667,],
[0.4673777777777778,0.5326222222222222,],
[0.45356,0.54644,],
[0.5220377777777777,0.4779622222222222,],
[0.5274288888888888,0.4725711111111112,],
[0.5942533333333333,0.4057466666666666,],
[0.5011088888888889,0.4988911111111111,],
[0.4172333333333333,0.5827666666666667,],
[0.41874,0.58126,],
[0.4531755555555556,0.5468244444444444,],
[0.6048222222222223,0.3951777777777777,],
[0.4591066666666667,0.5408933333333334,],
[0.5426333333333333,0.4573666666666667,],
[0.4828533333333333,0.5171466666666665,],
[0.4067777777777777,0.5932222222222222,],
[0.5391955555555555,0.4608044444444445,],
[0.3980755555555556,0.6019244444444445,],
[0.47164,0.5283600000000001,],
[0.5331399999999999,0.46686,],
[0.5812044444444444,0.4187955555555555,],
[0.5814955555555557,0.4185044444444444,],
[0.4952177777777778,0.5047822222222222,],
[0.4670822222222222,0.5329177777777777,],
[0.545228888888889,0.4547711111111111,],
[0.5314755555555556,0.4685244444444445,],
[0.5281222222222223,0.4718777777777778,],
[0.4526266666666667,0.5473733333333334,],
[0.4401933333333333,0.5598066666666667,],
[0.4988266666666666,0.5011733333333334,],
[0.5290933333333333,0.4709066666666667,],
[0.4043288888888888,0.595671111111111,],
[0.5529777777777778,0.4470222222222222,],
[0.4063844444444444,0.5936155555555556,],
[0.49564,0.50436,],
[0.3947266666666666,0.6052733333333333,],
[0.5322377777777778,0.4677622222222223,],
[0.5132155555555556,0.4867844444444445,],
[0.5233177777777778,0.4766822222222222,],
[0.5855422222222222,0.4144577777777777,],
[0.4509044444444444,0.5490955555555556,],
[0.4415733333333334,0.5584266666666666,],
[0.44086,0.5591400000000001,],
[0.4831155555555556,0.5168844444444444,],
[0.43238,0.56762,],
[0.5177688888888888,0.4822311111111111,],
[0.5646577777777778,0.4353422222222222,],
[0.5017288888888889,0.4982711111111111,],
[0.4585,0.5415000000000001,],
[0.4045199999999999,0.59548,],
[0.5088755555555555,0.4911244444444444,],
[0.5387733333333333,0.4612266666666667,],
[0.5412733333333334,0.4587266666666667,],
[0.5493822222222222,0.4506177777777778,],
[0.5399133333333334,0.4600866666666667,],
[0.5513244444444444,0.4486755555555555,],
[0.4219799999999999,0.57802,],
[0.5118644444444445,0.4881355555555556,],
[0.4618333333333334,0.5381666666666667,],
[0.5657355555555557,0.4342644444444445,],
[0.4902888888888888,0.5097111111111111,],
[0.5758622222222224,0.4241377777777777,],
[0.5002577777777778,0.4997422222222223,],
[0.4542,0.5458000000000001,],
[0.64502,0.35498,],
[0.4714933333333333,0.5285066666666666,],
[0.5574955555555556,0.4425044444444444,],
[0.6137511111111111,0.3862488888888889,],
[0.5335666666666666,0.4664333333333334,],
[0.3744088888888889,0.625591111111111,],
[0.4386911111111111,0.5613088888888889,],
[0.6651977777777778,0.3348022222222222,],
[0.5613422222222222,0.4386577777777778,],
[0.4366044444444445,0.5633955555555556,],
[0.5164888888888888,0.4835111111111111,],
[0.4189888888888889,0.5810111111111111,],
[0.45686,0.54314,],
[0.5325822222222222,0.4674177777777778,],
[0.3952488888888888,0.6047511111111111,],
[0.5025511111111111,0.4974488888888889,],
[0.5463266666666667,0.4536733333333334,],
[0.5119555555555555,0.4880444444444444,],
[0.4359133333333333,0.5640866666666666,],
[0.5217266666666667,0.4782733333333333,],
[0.3972666666666667,0.6027333333333333,],
[0.4833555555555555,0.5166444444444445,],
[0.5261377777777778,0.4738622222222222,],
[0.5103377777777777,0.4896622222222222,],
[0.5576333333333334,0.4423666666666667,],
[0.4754288888888889,0.5245711111111111,],
[0.4428133333333333,0.5571866666666667,],
[0.5269488888888889,0.4730511111111111,],
[0.5670155555555556,0.4329844444444444,],
[0.5592577777777779,0.4407422222222222,],
[0.5173577777777778,0.4826422222222223,],
[0.4220488888888888,0.5779511111111112,],
[0.5136088888888889,0.4863911111111111,],
[0.5825533333333333,0.4174466666666666,],
[0.5431333333333334,0.4568666666666667,],
[0.5633022222222223,0.4366977777777777,],
[0.5027088888888889,0.4972911111111112,],
[0.4172155555555555,0.5827844444444444,],
[0.5266644444444444,0.4733355555555556,],
[0.4569577777777779,0.5430422222222222,],
[0.596011111111111,0.4039888888888888,],
[0.4656466666666667,0.5343533333333333,],
[0.6226511111111112,0.3773488888888888,],
[0.4805933333333333,0.5194066666666666,],
[0.5235,0.4765,],
[0.43954,0.56046,],
[0.45686,0.54314,],
[0.3985177777777777,0.6014822222222223,],
[0.5025888888888889,0.4974111111111111,],
[0.53486,0.4651400000000001,],
[0.4422377777777778,0.5577622222222224,],
[0.4513355555555556,0.5486644444444446,],
[0.5184511111111111,0.4815488888888889,],
[0.4430466666666666,0.5569533333333333,],
[0.4905844444444444,0.5094155555555555,],
[0.5913355555555555,0.4086644444444444,],
[0.4841133333333333,0.5158866666666666,],
[0.4411844444444444,0.5588155555555557,],
[0.46568,0.5343199999999999,],
[0.4599688888888889,0.5400311111111111,],
[0.5296933333333333,0.4703066666666667,],
[0.5326244444444445,0.4673755555555555,],
[0.3916666666666667,0.6083333333333333,],
[0.5367622222222221,0.4632377777777778,],
[0.5786133333333333,0.4213866666666666,],
[0.532831111111111,0.4671688888888889,],
[0.5544288888888889,0.4455711111111111,],
[0.4451822222222222,0.5548177777777777,],
[0.5181777777777777,0.4818222222222222,],
[0.4100422222222221,0.5899577777777777,],
[0.4748111111111111,0.5251888888888888,],
[0.5485511111111112,0.4514488888888889,],
[0.5128866666666666,0.4871133333333333,],
[0.5515044444444445,0.4484955555555555,],
[0.4881,0.5119,],
[0.4037466666666666,0.5962533333333333,],
[0.44756,0.5524399999999999,],
[0.5527133333333333,0.4472866666666667,],
[0.4558711111111111,0.544128888888889,],
[0.49552,0.50448,],
[0.6047977777777778,0.3952022222222222,],
[0.5164688888888889,0.4835311111111111,],
[0.4464955555555555,0.5535044444444445,],
[0.5328777777777778,0.4671222222222223,],
[0.5784688888888889,0.4215311111111111,],
[0.4969466666666666,0.5030533333333334,],
[0.3571066666666667,0.6428933333333333,],
[0.4218111111111111,0.578188888888889,],
[0.3830711111111111,0.616928888888889,],
[0.5587244444444446,0.4412755555555555,],
[0.5598511111111111,0.4401488888888889,],
[0.4558466666666667,0.5441533333333333,],
[0.6370288888888889,0.3629711111111111,],
[0.5329444444444444,0.4670555555555556,],
[0.5426555555555556,0.4573444444444445,],
[0.53132,0.46868,],
[0.5076533333333333,0.4923466666666667,],
[0.62684,0.3731599999999999,],
[0.5245377777777778,0.4754622222222222,],
[0.43234,0.5676600000000001,],
[0.4741,0.5259,],
[0.4697244444444445,0.5302755555555556,],
[0.5121466666666667,0.4878533333333333,],
[0.5636622222222223,0.4363377777777778,],
[0.4516177777777778,0.5483822222222222,],
[0.4187133333333333,0.5812866666666667,],
[0.4932488888888889,0.506751111111111,],
[0.6082555555555555,0.3917444444444445,],
[0.5476,0.4524000000000001,],
[0.6302466666666667,0.3697533333333333,],
[0.4249822222222222,0.5750177777777778,],
[0.5906377777777778,0.4093622222222222,],
[0.44206,0.5579400000000001,],
[0.3511177777777778,0.6488822222222222,],
[0.4727333333333333,0.5272666666666667,],
[0.5714755555555555,0.4285244444444444,],
[0.45376,0.5462400000000001,],
[0.5705688888888889,0.4294311111111111,],
[0.5114022222222223,0.4885977777777778,],
[0.3873777777777778,0.6126222222222223,],
[0.5491977777777779,0.4508022222222223,],
[0.5733066666666666,0.4266933333333333,],
[0.5281755555555556,0.4718244444444445,],
[0.4559466666666667,0.5440533333333334,],
[0.4492866666666666,0.5507133333333333,],
[0.5175466666666666,0.4824533333333333,],
[0.6059333333333332,0.3940666666666666,],
[0.5369666666666667,0.4630333333333334,],
[0.4754177777777778,0.5245822222222222,],
[0.4237844444444444,0.5762155555555557,],
[0.5294088888888889,0.4705911111111112,],
[0.42566,0.57434,],
[0.4896244444444444,0.5103755555555555,],
[0.4825844444444444,0.5174155555555554,],
[0.546528888888889,0.4534711111111111,],
[0.5475866666666667,0.4524133333333333,],
[0.4716422222222222,0.5283577777777778,],
[0.5541577777777779,0.4458422222222223,],
[0.4789666666666667,0.5210333333333333,],
[0.4410177777777778,0.5589822222222223,],
[0.54088,0.45912,],
[0.4923511111111111,0.5076488888888889,],
[0.5182888888888888,0.481711111111111,],
[0.41256,0.5874399999999999,],
[0.5416688888888889,0.4583311111111111,],
[0.5052155555555555,0.4947844444444445,],
[0.4396844444444444,0.5603155555555556,],
[0.5387022222222223,0.4612977777777778,],
[0.5954155555555556,0.4045844444444444,],
[0.4771422222222222,0.5228577777777778,],
[0.3900466666666667,0.6099533333333333,],
[0.5649911111111111,0.4350088888888888,],
[0.5406466666666668,0.4593533333333334,],
[0.4038955555555555,0.5961044444444444,],
[0.5224333333333334,0.4775666666666667,],
[0.44724,0.5527599999999999,],
[0.5530355555555556,0.4469644444444444,],
[0.4889288888888889,0.5110711111111111,],
[0.4420177777777778,0.5579822222222223,],
[0.4229355555555556,0.5770644444444446,],
[0.4847733333333333,0.5152266666666665,],
[0.5381911111111112,0.4618088888888889,],
[0.5896688888888888,0.4103311111111111,],
[0.49228,0.5077200000000001,],
[0.4015822222222222,0.5984177777777777,],
[0.4884711111111111,0.5115288888888888,],
[0.555428888888889,0.4445711111111111,],
[0.5159488888888889,0.4840511111111111,],
[0.4293844444444444,0.5706155555555555,],
[0.4384222222222222,0.5615777777777777,],
[0.3541666666666666,0.6458333333333334,],
[0.5492444444444445,0.4507555555555556,],
[0.41362,0.58638,],
[0.4711533333333334,0.5288466666666666,],
[0.6174511111111111,0.3825488888888889,],
[0.4828666666666666,0.5171333333333332,],
[0.4266222222222222,0.5733777777777778,],
[0.4605622222222223,0.5394377777777779,],
[0.5587000000000001,0.4413,],
[0.4851911111111111,0.5148088888888889,],
[0.5459933333333333,0.4540066666666667,],
[0.5021666666666667,0.4978333333333334,],
[0.4560466666666667,0.5439533333333334,],
[0.5753888888888889,0.4246111111111111,],
[0.54208,0.45792,],
[0.5469466666666667,0.4530533333333333,],
[0.4793244444444444,0.5206755555555556,],
[0.5317377777777779,0.4682622222222222,],
[0.5469977777777777,0.4530022222222222,],
[0.4633177777777778,0.5366822222222223,],
[0.5749644444444445,0.4250355555555556,],
[0.4540177777777778,0.5459822222222221,],
[0.5461155555555556,0.4538844444444444,],
[0.5036288888888889,0.4963711111111111,],
[0.5914466666666666,0.4085533333333333,],
[0.5094733333333332,0.4905266666666667,],
[0.4456133333333333,0.5543866666666667,],
[0.4619644444444445,0.5380355555555555,],
[0.4838044444444445,0.5161955555555555,],
[0.4870066666666667,0.5129933333333333,],
[0.5431044444444444,0.4568955555555556,],
[0.4272933333333333,0.5727066666666667,],
[0.4920088888888889,0.5079911111111111,],
[0.4101777777777778,0.5898222222222221,],
[0.5302866666666667,0.4697133333333334,],
[0.4607444444444445,0.5392555555555556,],
[0.4094977777777777,0.5905022222222222,],
[0.4450133333333333,0.5549866666666666,],
[0.52388,0.4761199999999999,],
[0.5484866666666668,0.4515133333333334,],
[0.5205755555555556,0.4794244444444445,],
[0.3813555555555555,0.6186444444444444,],
[0.5110066666666667,0.4889933333333333,],
[0.4327533333333333,0.5672466666666667,],
[0.5273688888888888,0.4726311111111111,],
[0.5675755555555556,0.4324244444444444,],
[0.4747222222222223,0.5252777777777777,],
[0.4338377777777778,0.5661622222222222,],
[0.5252755555555555,0.4747244444444444,],
[0.5806,0.4194,],
[0.4629866666666667,0.5370133333333333,],
[0.6214000000000001,0.3785999999999999,],
[0.5752933333333334,0.4247066666666666,],
[0.4294955555555556,0.5705044444444445,],
[0.5302955555555556,0.4697044444444445,],
[0.5699,0.4301,],
[0.4860044444444444,0.5139955555555555,],
[0.5810022222222223,0.4189977777777777,],
[0.5076666666666667,0.4923333333333333,],
[0.5797955555555555,0.4202044444444444,],
[0.5024799999999999,0.49752,],
[0.4403422222222222,0.5596577777777778,],
[0.5176911111111111,0.4823088888888888,],
[0.4476888888888889,0.5523111111111111,],
[0.4937177777777778,0.5062822222222222,],
[0.3787599999999999,0.62124,],
[0.5022977777777778,0.4977022222222222,],
[0.5698622222222222,0.4301377777777777,],
[0.5210088888888889,0.4789911111111111,],
[0.5665111111111112,0.4334888888888889,],
[0.43836,0.56164,],
[0.3965911111111111,0.6034088888888889,],
[0.5176155555555555,0.4823844444444444,],
[0.4447733333333333,0.5552266666666666,],
[0.5289311111111111,0.4710688888888889,],
[0.5432022222222223,0.4567977777777778,],
[0.4214866666666666,0.5785133333333334,],
[0.5462111111111112,0.4537888888888889,],
[0.5842733333333333,0.4157266666666666,],
[0.5395533333333334,0.4604466666666667,],
[0.3887888888888889,0.6112111111111111,],
[0.4553577777777778,0.5446422222222222,],
[0.6192933333333334,0.3807066666666666,],
[0.4750755555555556,0.5249244444444444,],
[0.5919177777777779,0.4080822222222222,],
[0.4433555555555556,0.5566444444444446,],
[0.5209244444444444,0.4790755555555556,],
[0.4154666666666667,0.5845333333333332,],
[0.4771155555555555,0.5228844444444445,],
[0.51418,0.48582,],
[0.5841355555555555,0.4158644444444444,],
[0.5104466666666666,0.4895533333333333,],
[0.4201777777777778,0.5798222222222222,],
[0.3961488888888889,0.6038511111111111,],
[0.4738488888888889,0.5261511111111111,],
[0.4719577777777778,0.5280422222222223,],
[0.5559088888888889,0.4440911111111111,],
[0.4985666666666667,0.5014333333333333,],
[0.5739933333333335,0.4260066666666666,],
[0.4469666666666667,0.5530333333333334,],
[0.4651422222222222,0.5348577777777778,],
[0.5916777777777777,0.4083222222222221,],
[0.5171555555555555,0.4828444444444444,],
[0.4556222222222222,0.5443777777777778,],
[0.4553911111111111,0.5446088888888889,],
[0.4841822222222222,0.5158177777777777,],
[0.5391133333333333,0.4608866666666667,],
[0.4955711111111111,0.5044288888888889,],
[0.4909511111111111,0.5090488888888889,],
[0.6031755555555556,0.3968244444444444,],
[0.5068222222222222,0.4931777777777778,],
[0.5567288888888889,0.4432711111111112,],
[0.5575644444444445,0.4424355555555556,],
[0.4523688888888889,0.5476311111111112,],
[0.5218,0.4782,],
[0.4128644444444444,0.5871355555555555,],
[0.4898088888888888,0.5101911111111112,],
[0.5586133333333334,0.4413866666666666,],
[0.52976,0.47024,],
[0.4124111111111111,0.5875888888888888,],
[0.4983533333333333,0.5016466666666666,],
[0.38226,0.61774,],
[0.5086977777777778,0.4913022222222222,],
[0.4406733333333333,0.5593266666666667,],
[0.5160022222222221,0.4839977777777777,],
[0.5033244444444445,0.4966755555555556,],
[0.401011111111111,0.5989888888888889,],
[0.5075155555555555,0.4924844444444444,],
[0.5290911111111112,0.4709088888888889,],
[0.48008,0.5199199999999999,],
[0.6326488888888888,0.3673511111111111,],
[0.5245666666666666,0.4754333333333334,],
[0.6043977777777779,0.3956022222222222,],
[0.4446088888888888,0.5553911111111112,],
[0.5130355555555556,0.4869644444444444,],
[0.5398066666666668,0.4601933333333333,],
[0.4644088888888889,0.5355911111111111,],
[0.4538044444444445,0.5461955555555555,],
[0.610731111111111,0.3892688888888888,],
[0.4753955555555556,0.5246044444444444,],
[0.43704,0.5629599999999999,],
[0.519191111111111,0.4808088888888889,],
[0.5370866666666667,0.4629133333333333,],
[0.6005933333333333,0.3994066666666667,],
[0.50346,0.49654,],
[0.5342222222222222,0.4657777777777778,],
[0.5626822222222222,0.4373177777777778,],
[0.5184955555555556,0.4815044444444445,],
[0.5714622222222222,0.4285377777777777,],
[0.523,0.477,],
[0.4058577777777778,0.5941422222222222,],
[0.5500466666666668,0.4499533333333333,],
[0.4661222222222223,0.5338777777777778,],
[0.4331066666666666,0.5668933333333335,],
[0.4776333333333333,0.5223666666666668,],
[0.6178822222222222,0.3821177777777778,],
[0.5153666666666666,0.4846333333333334,],
[0.4204333333333333,0.5795666666666667,],
[0.4911755555555556,0.5088244444444445,],
[0.5693622222222222,0.4306377777777777,],
[0.4304177777777777,0.5695822222222222,],
[0.5229777777777778,0.4770222222222222,],
[0.4744377777777778,0.5255622222222222,],
[0.5287711111111112,0.4712288888888889,],
[0.5384266666666667,0.4615733333333334,],
[0.5075222222222222,0.4924777777777778,],
[0.5366266666666667,0.4633733333333333,],
[0.6027133333333333,0.3972866666666667,],
[0.4592933333333333,0.5407066666666668,],
[0.6091288888888888,0.3908711111111111,],
[0.4959911111111111,0.5040088888888888,],
[0.5829755555555556,0.4170244444444444,],
[0.4739333333333333,0.5260666666666667,],
[0.5356511111111111,0.464348888888889,],
[0.4432244444444445,0.5567755555555556,],
[0.4958866666666667,0.5041133333333334,],
[0.4353711111111111,0.564628888888889,],
[0.4653466666666667,0.5346533333333333,],
[0.4988133333333333,0.5011866666666667,],
[0.421551111111111,0.5784488888888889,],
[0.5454466666666667,0.4545533333333334,],
[0.4566022222222222,0.5433977777777778,],
[0.5869733333333333,0.4130266666666666,],
[0.49982,0.5001800000000001,],
[0.4244666666666667,0.5755333333333333,],
[0.4812377777777778,0.5187622222222222,],
[0.5777000000000001,0.4223,],
[0.4882711111111111,0.5117288888888888,],
[0.5615177777777778,0.4384822222222222,],
[0.4548533333333333,0.5451466666666667,],
[0.53654,0.46346,],
[0.4563444444444445,0.5436555555555554,],
[0.5136733333333334,0.4863266666666666,],
[0.5786355555555556,0.4213644444444444,],
[0.49036,0.50964,],
[0.6538622222222222,0.3461377777777778,],
[0.4466488888888889,0.5533511111111111,],
[0.6270777777777778,0.3729222222222222,],
[0.5147133333333332,0.4852866666666666,],
[0.4231733333333333,0.5768266666666667,],
[0.5264333333333333,0.4735666666666667,],
[0.5323511111111111,0.4676488888888889,],
[0.44056,0.55944,],
[0.5075066666666667,0.4924933333333333,],
[0.4286466666666667,0.5713533333333334,],
[0.49122,0.50878,],
[0.5802555555555556,0.4197444444444444,],
[0.4368,0.5632,],
[0.4109444444444444,0.5890555555555556,],
[0.5377377777777778,0.4622622222222222,],
[0.3779244444444444,0.6220755555555556,],
[0.4933933333333334,0.5066066666666665,],
[0.5183599999999999,0.48164,],
[0.5921355555555555,0.4078644444444444,],
[0.4646622222222222,0.5353377777777777,],
[0.4737377777777778,0.5262622222222222,],
[0.5219177777777778,0.4780822222222222,],
[0.4946822222222222,0.5053177777777778,],
[0.4746711111111111,0.5253288888888888,],
[0.4549133333333333,0.5450866666666667,],
[0.5042533333333334,0.4957466666666667,],
[0.4353577777777777,0.5646422222222223,],
[0.4956022222222223,0.5043977777777778,],
[0.5604244444444444,0.4395755555555556,],
[0.44714,0.55286,],
[0.501431111111111,0.4985688888888889,],
[0.3747799999999999,0.6252199999999999,],
[0.5334199999999999,0.4665800000000001,],
[0.3846577777777778,0.6153422222222221,],
[0.5192622222222222,0.4807377777777778,],
[0.5684377777777778,0.4315622222222222,],
[0.5381466666666667,0.4618533333333333,],
[0.4313822222222222,0.5686177777777778,],
[0.5268266666666667,0.4731733333333333,],
[0.5787688888888889,0.4212311111111111,],
[0.5139066666666667,0.4860933333333333,],
[0.4027333333333333,0.5972666666666666,],
[0.5069533333333333,0.4930466666666667,],
[0.4487844444444444,0.5512155555555556,],
[0.4630844444444445,0.5369155555555555,],
[0.5536088888888888,0.4463911111111111,],
[0.5538866666666666,0.4461133333333334,],
[0.5349022222222223,0.4650977777777778,],
[0.61832,0.38168,],
[0.5482244444444444,0.4517755555555556,],
[0.3759644444444444,0.6240355555555556,],
[0.4245733333333333,0.5754266666666668,],
[0.6454155555555555,0.3545844444444444,],
[0.5001911111111111,0.4998088888888889,],
[0.4842911111111111,0.5157088888888888,],
[0.4146088888888888,0.5853911111111111,],
[0.5256,0.4744,],
[0.6012355555555555,0.3987644444444444,],
[0.5410577777777777,0.4589422222222223,],
[0.62214,0.37786,],
[0.5056533333333333,0.4943466666666667,],
[0.5494866666666667,0.4505133333333333,],
[0.5433644444444444,0.4566355555555556,],
[0.53572,0.46428,],
[0.5371688888888889,0.4628311111111111,],
[0.4826866666666667,0.5173133333333333,],
[0.4944111111111111,0.5055888888888889,],
[0.5604244444444444,0.4395755555555556,],
[0.4676244444444445,0.5323755555555556,],
[0.5509288888888889,0.4490711111111111,],
[0.4703488888888889,0.5296511111111111,],
[0.3923511111111111,0.6076488888888889,],
[0.5067711111111111,0.4932288888888889,],
[0.5744666666666667,0.4255333333333333,],
[0.4567044444444445,0.5432955555555555,],
[0.3933333333333334,0.6066666666666667,],
[0.4713666666666667,0.5286333333333333,],
[0.4537422222222222,0.5462577777777778,],
[0.5778066666666667,0.4221933333333333,],
[0.5203577777777778,0.4796422222222222,],
[0.37488,0.62512,],
[0.5420955555555556,0.4579044444444444,],
[0.4728177777777778,0.5271822222222222,],
[0.5791511111111112,0.4208488888888888,],
[0.4239022222222222,0.5760977777777778,],
[0.41464,0.58536,],
[0.4753333333333333,0.5246666666666666,],
[0.4509844444444445,0.5490155555555556,],
[0.5327866666666666,0.4672133333333333,],
[0.4310022222222222,0.5689977777777778,],
[0.5602200000000001,0.43978,],
[0.526271111111111,0.4737288888888889,],
[0.4371155555555555,0.5628844444444445,],
[0.5504466666666666,0.4495533333333334,],
[0.5172422222222222,0.4827577777777778,],
[0.5345955555555555,0.4654044444444445,],
[0.5537511111111111,0.4462488888888889,],
[0.5170733333333334,0.4829266666666667,],
[0.464328888888889,0.535671111111111,],
[0.4638711111111111,0.536128888888889,],
[0.4622244444444444,0.5377755555555556,],
[0.4758288888888889,0.524171111111111,],
[0.5331866666666666,0.4668133333333333,],
[0.4924866666666667,0.5075133333333333,],
[0.4043644444444444,0.5956355555555555,],
[0.5186444444444444,0.4813555555555555,],
[0.4371288888888889,0.5628711111111111,],
[0.4898622222222222,0.5101377777777778,],
[0.4895888888888889,0.510411111111111,],
[0.5206911111111111,0.4793088888888889,],
[0.6367133333333334,0.3632866666666666,],
[0.4997822222222222,0.5002177777777779,],
[0.49612,0.50388,],
[0.5323111111111111,0.4676888888888889,],
[0.5054377777777778,0.4945622222222222,],
[0.4206666666666667,0.5793333333333334,],
[0.4699844444444445,0.5300155555555556,],
[0.5256466666666666,0.4743533333333333,],
[0.5893177777777777,0.4106822222222222,],
[0.5549977777777777,0.4450022222222222,],
[0.4939977777777778,0.5060022222222221,],
[0.590091111111111,0.4099088888888888,],
[0.51408,0.48592,],
[0.5658977777777778,0.4341022222222222,],
[0.5023866666666666,0.4976133333333334,],
[0.5570155555555556,0.4429844444444445,],
[0.5359155555555556,0.4640844444444444,],
[0.5913488888888889,0.4086511111111111,],
[0.5169333333333332,0.4830666666666667,],
[0.4115511111111111,0.5884488888888889,],
[0.5367822222222222,0.4632177777777778,],
[0.5677955555555556,0.4322044444444444,],
[0.5517244444444444,0.4482755555555556,],
[0.3888644444444445,0.6111355555555557,],
[0.5533,0.4467,],
[0.5005222222222223,0.4994777777777778,],
[0.531768888888889,0.4682311111111112,],
[0.53296,0.46704,],
[0.5152777777777777,0.4847222222222222,],
[0.4925066666666667,0.5074933333333332,],
[0.6165755555555555,0.3834244444444445,],
[0.43114,0.5688600000000001,],
[0.4448777777777778,0.5551222222222222,],
[0.5137488888888889,0.4862511111111111,],
[0.4695155555555556,0.5304844444444445,],
[0.4346311111111111,0.5653688888888889,],
[0.4433222222222222,0.5566777777777778,],
[0.5021155555555555,0.4978844444444445,],
[0.5612333333333334,0.4387666666666667,],
[0.4622688888888889,0.5377311111111112,],
[0.4773155555555555,0.5226844444444445,],
[0.5508022222222222,0.4491977777777778,],
[0.5764955555555556,0.4235044444444445,],
[0.4903466666666667,0.5096533333333333,],
[0.5193844444444445,0.4806155555555555,],
[0.6325933333333335,0.3674066666666666,],
[0.5417644444444445,0.4582355555555556,],
[0.45174,0.54826,],
[0.5033533333333333,0.4966466666666667,],
[0.5606933333333333,0.4393066666666667,],
[0.4888066666666667,0.5111933333333333,],
[0.5718288888888889,0.4281711111111111,],
[0.4821822222222222,0.5178177777777778,],
[0.3659177777777778,0.6340822222222222,],
[0.4017244444444444,0.5982755555555554,],
[0.4304377777777778,0.5695622222222222,],
[0.6205444444444445,0.3794555555555555,],
[0.4862888888888888,0.5137111111111111,],
[0.6125466666666667,0.3874533333333333,],
[0.5168044444444445,0.4831955555555555,],
[0.4829577777777778,0.5170422222222222,],
[0.4627622222222222,0.5372377777777778,],
[0.4743977777777778,0.5256022222222222,],
[0.5516733333333332,0.4483266666666667,],
[0.5022866666666667,0.4977133333333333,],
[0.5637644444444445,0.4362355555555555,],
[0.4521888888888889,0.5478111111111112,],
[0.5413555555555556,0.4586444444444445,],
[0.4346355555555555,0.5653644444444444,],
[0.4942088888888889,0.505791111111111,],
[0.5564533333333334,0.4435466666666667,],
[0.5373666666666667,0.4626333333333334,],
[0.4854644444444444,0.5145355555555555,],
[0.4457644444444444,0.5542355555555556,],
[0.4529088888888889,0.5470911111111111,],
[0.4730955555555556,0.5269044444444445,],
[0.43272,0.56728,],
[0.4573555555555556,0.5426444444444444,],
[0.4025644444444444,0.5974355555555555,],
[0.5319733333333333,0.4680266666666667,],
[0.4767777777777777,0.5232222222222223,],
[0.5373088888888889,0.4626911111111111,],
[0.5211222222222223,0.4788777777777777,],
[0.479708888888889,0.5202911111111111,],
[0.5852911111111111,0.4147088888888888,],
[0.4934511111111112,0.5065488888888889,],
[0.6159622222222222,0.3840377777777778,],
[0.4765533333333333,0.5234466666666666,],
[0.4794355555555555,0.5205644444444444,],
[0.5528977777777777,0.4471022222222222,],
[0.4180088888888888,0.5819911111111111,],
[0.4367111111111111,0.563288888888889,],
[0.5186266666666666,0.4813733333333333,],
[0.5758755555555557,0.4241244444444444,],
[0.4713622222222222,0.5286377777777778,],
[0.4600711111111112,0.5399288888888889,],
[0.5035022222222222,0.4964977777777778,],
[0.5723288888888889,0.4276711111111111,],
[0.50296,0.49704,],
[0.4578666666666666,0.5421333333333334,],
[0.5351622222222222,0.4648377777777778,],
[0.4250488888888889,0.5749511111111112,],
[0.4426955555555556,0.5573044444444445,],
[0.5608177777777777,0.4391822222222222,],
[0.5445977777777777,0.4554022222222222,],
[0.5591222222222223,0.4408777777777778,],
[0.53302,0.46698,],
[0.4310155555555555,0.5689844444444445,],
[0.4897155555555555,0.5102844444444444,],
[0.5287866666666666,0.4712133333333333,],
[0.5209577777777777,0.4790422222222223,],
[0.4694822222222222,0.5305177777777778,],
[0.47472,0.52528,],
[0.4321155555555555,0.5678844444444445,],
[0.4490955555555556,0.5509044444444445,],
[0.4925222222222222,0.5074777777777777,],
[0.5298088888888889,0.4701911111111111,],
[0.4359844444444445,0.5640155555555556,],
[0.4495866666666666,0.5504133333333333,],
[0.4817222222222222,0.5182777777777777,],
[0.5064799999999999,0.49352,],
[0.3897444444444444,0.6102555555555556,],
[0.4962133333333333,0.5037866666666666,],
[0.5816955555555556,0.4183044444444444,],
[0.5489000000000001,0.4511,],
[0.5091044444444445,0.4908955555555555,],
[0.4228555555555555,0.5771444444444446,],
[0.4763733333333333,0.5236266666666667,],
[0.5298022222222223,0.4701977777777778,],
[0.5842511111111111,0.4157488888888888,],
[0.4889977777777778,0.5110022222222222,],
[0.4359688888888889,0.5640311111111111,],
[0.4695777777777778,0.5304222222222224,],
[0.4587644444444445,0.5412355555555556,],
[0.4594066666666667,0.5405933333333335,],
[0.3865222222222222,0.6134777777777779,],
[0.47986,0.52014,],
[0.4003711111111111,0.5996288888888889,],
[0.4704822222222223,0.5295177777777779,],
[0.4491911111111111,0.5508088888888889,],
[0.53318,0.46682,],
[0.5581711111111112,0.4418288888888889,],
[0.5131955555555556,0.4868044444444444,],
[0.5389933333333334,0.4610066666666667,],
[0.5149422222222221,0.4850577777777778,],
[0.6119844444444444,0.3880155555555556,],
[0.4556822222222223,0.5443177777777778,],
[0.3607644444444445,0.6392355555555556,],
[0.4921488888888889,0.507851111111111,],
[0.5754066666666667,0.4245933333333333,],
[0.5418733333333333,0.4581266666666667,],
[0.5226533333333334,0.4773466666666666,],
[0.5971422222222221,0.4028577777777777,],
[0.4832911111111111,0.5167088888888889,],
[0.5292600000000001,0.4707400000000001,],
[0.4002,0.5998,],
[0.4944711111111111,0.5055288888888888,],
[0.5613288888888889,0.4386711111111111,],
[0.5716933333333334,0.4283066666666666,],
[0.5129622222222222,0.4870377777777778,],
[0.4612244444444445,0.5387755555555556,],
[0.5485355555555557,0.4514644444444444,],
[0.4602488888888889,0.5397511111111112,],
[0.6377711111111111,0.3622288888888889,],
[0.4232088888888889,0.5767911111111111,],
[0.4031955555555555,0.5968044444444444,],
[0.4780822222222222,0.5219177777777778,],
[0.5424044444444445,0.4575955555555555,],
[0.5427688888888889,0.4572311111111111,],
[0.5397533333333334,0.4602466666666667,],
[0.4538022222222222,0.5461977777777778,],
[0.4857711111111111,0.514228888888889,],
[0.4367844444444444,0.5632155555555556,],
[0.5703888888888889,0.4296111111111112,],
[0.4355688888888888,0.5644311111111112,],
[0.4735333333333333,0.5264666666666666,],
[0.40226,0.5977399999999999,],
[0.5144355555555555,0.4855644444444444,],
[0.5893822222222221,0.4106177777777777,],
[0.5132022222222222,0.4867977777777778,],
[0.4219133333333333,0.5780866666666667,],
[0.4458822222222222,0.5541177777777778,],
[0.4619755555555556,0.5380244444444444,],
[0.4694955555555556,0.5305044444444444,],
[0.4286644444444444,0.5713355555555556,],
[0.5343533333333333,0.4656466666666667,],
[0.4573622222222223,0.5426377777777778,],
[0.46052,0.5394800000000001,],
[0.5167822222222223,0.4832177777777778,],
[0.5339222222222222,0.4660777777777778,],
[0.5271355555555556,0.4728644444444445,],
[0.4029844444444444,0.5970155555555555,],
[0.4349266666666666,0.5650733333333334,],
[0.5991933333333332,0.4008066666666666,],
[0.50876,0.49124,],
[0.6078,0.3922,],
[0.5267088888888889,0.4732911111111112,],
[0.5533955555555555,0.4466044444444445,],
[0.4828822222222222,0.5171177777777778,],
[0.5642133333333333,0.4357866666666667,],
[0.4730155555555556,0.5269844444444445,],
[0.412611111111111,0.5873888888888887,],
[0.4381111111111111,0.5618888888888889,],
[0.5254266666666666,0.4745733333333333,],
[0.4812933333333333,0.5187066666666666,],
[0.5880355555555554,0.4119644444444444,],
[0.5395644444444445,0.4604355555555556,],
[0.4885044444444445,0.5114955555555555,],
[0.4108666666666667,0.5891333333333332,],
[0.5366022222222222,0.4633977777777778,],
[0.5043800000000001,0.4956200000000001,],
[0.4966022222222222,0.5033977777777778,],
[0.58876,0.4112399999999999,],
[0.4977311111111111,0.5022688888888889,],
[0.4063711111111111,0.5936288888888889,],
[0.4798533333333334,0.5201466666666668,],
[0.4559,0.5441,],
[0.4566977777777778,0.5433022222222221,],
[0.52662,0.47338,],
[0.5627088888888889,0.4372911111111111,],
[0.5074933333333332,0.4925066666666667,],
[0.5652577777777777,0.4347422222222222,],
[0.4814422222222222,0.5185577777777777,],
[0.5950533333333333,0.4049466666666666,],
[0.4846466666666667,0.5153533333333332,],
[0.4640244444444445,0.5359755555555555,],
[0.49542,0.50458,],
[0.5620511111111112,0.4379488888888889,],
[0.5890222222222221,0.4109777777777778,],
[0.5650622222222222,0.4349377777777777,],
[0.4921133333333333,0.5078866666666666,],
[0.4049288888888888,0.5950711111111111,],
[0.4926488888888889,0.507351111111111,],
[0.44568,0.55432,],
[0.5374511111111111,0.4625488888888889,],
[0.371951111111111,0.6280488888888889,],
[0.5142733333333334,0.4857266666666666,],
[0.3995644444444444,0.6004355555555555,],
[0.4298777777777778,0.5701222222222223,],
[0.4674466666666667,0.5325533333333333,],
[0.59998,0.40002,],
[0.5344866666666666,0.4655133333333334,],
[0.3832044444444444,0.6167955555555555,],
[0.4953155555555556,0.5046844444444444,],
[0.48084,0.51916,],
[0.5603133333333333,0.4396866666666666,],
[0.4407955555555555,0.5592044444444446,],
[0.4692288888888889,0.5307711111111112,],
[0.545268888888889,0.4547311111111111,],
[0.49896,0.5010399999999999,],
[0.6097044444444444,0.3902955555555556,],
[0.55306,0.44694,],
[0.5680155555555557,0.4319844444444444,],
[0.5157555555555555,0.4842444444444445,],
[0.6347022222222222,0.3652977777777778,],
[0.4849333333333333,0.5150666666666666,],
[0.3628911111111111,0.6371088888888889,],
[0.4826022222222222,0.5173977777777777,],
[0.3780688888888888,0.6219311111111111,],
[0.5652866666666667,0.4347133333333333,],
[0.5405511111111112,0.4594488888888889,],
[0.4398311111111111,0.5601688888888888,],
[0.4675688888888889,0.5324311111111112,],
[0.5432044444444445,0.4567955555555556,],
[0.4011177777777777,0.5988822222222222,],
[0.5070444444444444,0.4929555555555555,],
[0.5551577777777778,0.4448422222222222,],
[0.4354977777777777,0.5645022222222223,],
[0.4857199999999999,0.51428,],
[0.5998088888888889,0.4001911111111111,],
[0.4993444444444444,0.5006555555555555,],
[0.4209822222222221,0.5790177777777777,],
[0.4769666666666666,0.5230333333333334,],
[0.47808,0.5219200000000001,],
[0.3943111111111111,0.6056888888888888,],
[0.4621466666666667,0.5378533333333334,],
[0.4543244444444444,0.5456755555555556,],
[0.5823377777777777,0.4176622222222222,],
[0.5669000000000001,0.4331,],
[0.5050444444444444,0.4949555555555555,],
[0.5181511111111111,0.4818488888888889,],
[0.6315022222222223,0.3684977777777777,],
[0.4160844444444444,0.5839155555555556,],
[0.4785866666666667,0.5214133333333333,],
[0.5651977777777778,0.4348022222222222,],
[0.5158199999999999,0.4841800000000001,],
[0.5328577777777778,0.4671422222222222,],
[0.5350111111111112,0.464988888888889,],
[0.4372933333333333,0.5627066666666667,],
[0.5176088888888888,0.4823911111111111,],
[0.5796,0.4204,],
[0.4506422222222223,0.5493577777777778,],
[0.4793111111111111,0.5206888888888889,],
[0.4119733333333333,0.5880266666666665,],
[0.4658844444444445,0.5341155555555556,],
[0.4788155555555555,0.5211844444444445,],
[0.3996688888888889,0.600331111111111,],
[0.5255222222222221,0.4744777777777778,],
[0.4441133333333333,0.5558866666666666,],
[0.4922933333333334,0.5077066666666666,],
[0.4021888888888889,0.5978111111111111,],
[0.5378622222222222,0.4621377777777778,],
[0.5476777777777778,0.4523222222222223,],
[0.565648888888889,0.4343511111111111,],
[0.4923666666666667,0.5076333333333334,],
[0.4536911111111111,0.546308888888889,],
[0.5347088888888889,0.4652911111111112,],
[0.5580733333333334,0.4419266666666666,],
[0.5000155555555555,0.4999844444444445,],
[0.4700244444444445,0.5299755555555555,],
[0.4417711111111111,0.558228888888889,],
[0.4680644444444444,0.5319355555555556,],
[0.4798711111111111,0.520128888888889,],
[0.5350244444444445,0.4649755555555556,],
[0.4707911111111112,0.529208888888889,],
[0.4306777777777778,0.5693222222222223,],
[0.4510688888888889,0.5489311111111113,],
[0.4311466666666666,0.5688533333333334,],
[0.452668888888889,0.5473311111111112,],
[0.4496488888888889,0.5503511111111112,],
[0.5387555555555555,0.4612444444444445,],
[0.3900577777777777,0.6099422222222223,],
[0.4761844444444444,0.5238155555555555,],
[0.4272622222222222,0.5727377777777778,],
[0.4418466666666667,0.5581533333333334,],
[0.5335599999999999,0.46644,],
[0.3899755555555555,0.6100244444444445,],
[0.5048533333333334,0.4951466666666667,],
[0.5553888888888889,0.4446111111111111,],
[0.4851133333333333,0.5148866666666666,],
[0.4363311111111111,0.563668888888889,],
[0.47888,0.52112,],
[0.4117555555555555,0.5882444444444443,],
[0.45038,0.5496200000000001,],
[0.5896444444444444,0.4103555555555555,],
];;
